0.95387536e-3 SECg
6.296527713333109e+00 -3.141592653589793e+00 6.916448140296202e-01 0.000000000000000e+00 6.724656247959999e-01 69
6.296588282265496e+00 -3.141592653589793e+00 6.914558505648483e-01 0.000000000000000e+00 6.699366221509530e-01 64
6.296648141648282e+00 -3.141592653589793e+00 6.912795054887315e-01 0.000000000000000e+00 6.674413309716335e-01 60
6.296707257496493e+00 -3.141592607146064e+00 6.911136771818204e-01 -2.760067374651953e-08 6.649741840317450e-01 57
6.296765595280926e+00 -3.141592653589793e+00 6.909567842399799e-01 0.000000000000000e+00 6.625309873767438e-01 54
6.296823119944169e+00 -3.141592602542806e+00 6.908076016472506e-01 -2.909553487029370e-08 6.601084886545387e-01 51
6.296879795918919e+00 -3.141592556342046e+00 6.906651578554353e-01 -5.435802741260432e-08 6.577041057581091e-01 49
6.296935587147150e+00 -3.141592653589793e+00 6.905286671866624e-01 0.000000000000000e+00 6.553157484869628e-01 47
6.296990457102229e+00 -3.141592653589793e+00 6.903974837932285e-01 0.000000000000000e+00 6.529416970094678e-01 45
6.297044368811163e+00 -3.141592619154512e+00 6.902710693173902e-01 -1.823220685537308e-08 6.505805164371943e-01 44
6.297097284881012e+00 -3.141592653589793e+00 6.901489695729490e-01 0.000000000000000e+00 6.482309951909078e-01 42
6.297149167524756e+00 -3.141592653589793e+00 6.900307973654327e-01 0.000000000000000e+00 6.458920995688781e-01 41
6.297199978591228e+00 -3.141592589487425e+00 6.899162195616145e-01 -3.231177458928869e-08 6.435629395262684e-01 39
6.297249679595952e+00 -3.141592653589793e+00 6.898049472167646e-01 0.000000000000000e+00 6.412427425376142e-01 38
6.297298231754177e+00 -3.141592653589793e+00 6.896967278924776e-01 0.000000000000000e+00 6.389308332405718e-01 37
6.297345596016290e+00 -3.141592591705233e+00 6.895913396223473e-01 -2.981215807551507e-08 6.366266174415084e-01 36
6.297391733104969e+00 -3.141592653589793e+00 6.894885860982235e-01 0.000000000000000e+00 6.343295693466245e-01 35
6.297436603554557e+00 -3.141592653589793e+00 6.893882927942127e-01 0.000000000000000e+00 6.320392212752141e-01 34
6.297480167753078e+00 -3.141592653589793e+00 6.892903038123362e-01 0.000000000000000e+00 6.297551552830718e-01 33
6.297522385985548e+00 -3.141592653589793e+00 6.891944792946003e-01 0.000000000000000e+00 6.274769962868666e-01 33
6.297563218480005e+00 -3.141592653589793e+00 6.891006932741135e-01 0.000000000000000e+00 6.252044063492760e-01 32
6.297602625455663e+00 -3.141592653589793e+00 6.890088318929676e-01 0.000000000000000e+00 6.229370799409387e-01 31
6.297640567172798e+00 -3.141592616580345e+00 6.889187918952818e-01 -1.621604361901063e-08 6.206747399279576e-01 30
6.297677003984973e+00 -3.141592653589793e+00 6.888304793578267e-01 0.000000000000000e+00 6.184171341920301e-01 30
6.297711896393760e+00 -3.141592596548951e+00 6.887438086041765e-01 -2.437760215912022e-08 6.161640327353377e-01 29
6.297745205104281e+00 -3.141592653589793e+00 6.886587012851834e-01 0.000000000000000e+00 6.139152252312117e-01 28
6.297776891084256e+00 -3.141592653589793e+00 6.885750855804708e-01 0.000000000000000e+00 6.116705188930144e-01 28
6.297806915623226e+00 -3.141592577953435e+00 6.884928955051507e-01 -3.118279501279630e-08 6.094297366216002e-01 27
6.297835240395332e+00 -3.141592615618412e+00 6.884120703204970e-01 -1.547330796825008e-08 6.071927154345848e-01 27
6.297861827522206e+00 -3.141592653589793e+00 6.883325540029225e-01 0.000000000000000e+00 6.049593050435034e-01 26
6.297886639638903e+00 -3.141592653589793e+00 6.882542947955452e-01 0.000000000000000e+00 6.027293666578980e-01 26
6.297909639959927e+00 -3.141592622223322e+00 6.881772447976151e-01 -1.235433266799646e-08 6.005027718832993e-01 25
6.297930792347883e+00 -3.141592603809825e+00 6.881013596178720e-01 -1.939131522021853e-08 5.982794017961752e-01 25
6.297950061382539e+00 -3.141592608902124e+00 6.880265980512555e-01 -1.721855191760824e-08 5.960591460742242e-01 24
6.297967412431262e+00 -3.141592653589793e+00 6.879529218085768e-01 0.000000000000000e+00 5.938419022750243e-01 24
6.297982811720444e+00 -3.141592621765335e+00 6.878802952586166e-01 -1.200175425708494e-08 5.916275751406657e-01 24
6.297996226407244e+00 -3.141592621655055e+00 6.878086852091881e-01 -1.191684262380477e-08 5.894160760113524e-01 23
6.298007624652807e+00 -3.141592653589793e+00 6.877380607091659e-01 0.000000000000000e+00 5.872073222941627e-01 23
6.298016975694213e+00 -3.141592653589793e+00 6.876683928611845e-01 0.000000000000000e+00 5.850012369564894e-01 22
6.298024249918565e+00 -3.141592621333484e+00 6.875996546686353e-01 -1.166911189898201e-08 5.827977481177348e-01 22
6.298029418935349e+00 -3.141592653589793e+00 6.875318208790635e-01 0.000000000000000e+00 5.805967886237136e-01 22
6.298032455649281e+00 -3.141592653589793e+00 6.874648678550266e-01 0.000000000000000e+00 5.783982956999135e-01 21
6.298033334332110e+00 -3.141592621024861e+00 6.873987734569910e-01 -1.143105166079295e-08 5.762022106369191e-01 21
6.298032030694193e+00 -3.141592588259555e+00 6.873335169237733e-01 -2.270736487730574e-08 5.740084784639155e-01 21
6.298028521954511e+00 -3.141592584086801e+00 6.872690787778656e-01 -2.392266296169510e-08 5.718170476948825e-01 21
6.298022786909383e+00 -3.141592653589793e+00 6.872054407299744e-01 0.000000000000000e+00 5.696278700689232e-01 20
6.298014805999710e+00 -3.141592620631671e+00 6.871425855985479e-01 -1.112708858386213e-08 5.674409003336519e-01 20
6.298004561376207e+00 -3.141592587483036e+00 6.870804972241654e-01 -2.210660099422057e-08 5.652560960099785e-01 20
6.297992036962587e+00 -3.141592653589793e+00 6.870191604048657e-01 0.000000000000000e+00 5.630734172189055e-01 20
6.297977218515632e+00 -3.141592591402600e+00 6.869585608238300e-01 -2.040735225250501e-08 5.608928264825257e-01 19
6.297960093684002e+00 -3.141592653589793e+00 6.868986849939901e-01 0.000000000000000e+00 5.587142885751715e-01 19
6.297940652062130e+00 -3.141592653589793e+00 7.030661339674259e-01 0.000000000000000e+00 6.048908434240530e-01 19
6.297918885242433e+00 -3.141592653589793e+00 7.133427876660450e-01 0.000000000000000e+00 6.318219919274773e-01 19
6.297894786862742e+00 -3.141592653589793e+00 7.223007308271399e-01 0.000000000000000e+00 6.540366728055711e-01 18
6.297868352650767e+00 -3.141592653589793e+00 7.549885602629192e-01 0.000000000000000e+00 7.330971206473345e-01 18
6.297839580464066e+00 -3.141592653589793e+00 7.346612365026772e-01 0.000000000000000e+00 6.820052159054676e-01 18
6.297808470325832e+00 -3.141592604538506e+00 7.672991040329512e-01 -3.572503715076891e-08 7.569332560933454e-01 18
6.297775024455623e+00 -3.141592582380011e+00 7.087792880045245e-01 -2.679968247321085e-08 6.091722322760493e-01 18
6.297739247296414e+00 -3.141592653589793e+00 7.121848675555528e-01 0.000000000000000e+00 6.166734214527413e-01 17
6.297701145535562e+00 -3.141592653589793e+00 7.156222445185806e-01 0.000000000000000e+00 6.241260289249327e-01 17
6.297660728121389e+00 -3.141592604335093e+00 7.190921628837357e-01 -1.979577923805209e-08 6.315308995040899e-01 17
6.297618006273655e+00 -3.141592600037111e+00 7.225953813546291e-01 -2.199583093442925e-08 6.388888483124811e-01 17
6.297572993489755e+00 -3.141592616008098e+00 7.261326741575358e-01 -1.577380714934407e-08 6.462006623124655e-01 17
6.297525705544358e+00 -3.141592623138353e+00 7.297048318643035e-01 -1.305987140653997e-08 6.534671017310368e-01 17
6.297476160483624e+00 -3.141592623372775e+00 7.333126622347209e-01 -1.324117349099652e-08 6.606889013965053e-01 16
6.297424378614325e+00 -3.141592653589793e+00 7.369569910732905e-01 0.000000000000000e+00 6.678667719755492e-01 16
6.297370382486227e+00 -3.141592611521685e+00 7.406386631184997e-01 -1.924179215961885e-08 6.750014011573325e-01 16
6.297314196869526e+00 -3.141592653589793e+00 7.443585429458147e-01 0.000000000000000e+00 6.820934547367261e-01 16
6.297255848726038e+00 -3.141592595041082e+00 7.481175159041747e-01 -2.794812914430622e-08 6.891435776463360e-01 16
6.297195367175109e+00 -3.141592624552255e+00 7.519164890796088e-01 -1.415940964477613e-08 6.961523949198540e-01 16
6.297132783453612e+00 -3.141592633224910e+00 7.557563922910516e-01 -1.014393014031612e-08 7.031205125977548e-01 16
6.297068130870350e+00 -3.141592653589793e+00 7.596381791210801e-01 0.000000000000000e+00 7.100485185797257e-01 15
6.297001444755494e+00 -3.141592573475753e+00 7.635628279803195e-01 -4.163780076282819e-08 7.169369834186815e-01 15
6.296932762404158e+00 -3.141592574150125e+00 7.675313432186105e-01 -4.217325511035597e-08 7.237864610834841e-01 15
6.296862123015551e+00 -3.141592653589793e+00 7.715447562706100e-01 0.000000000000000e+00 7.305974896587772e-01 15
6.296789567626382e+00 -3.141592634067822e+00 7.756041268517816e-01 -1.081339995323560e-08 7.373705920145782e-01 15
6.296715139040860e+00 -3.141592614884517e+00 7.797105442012001e-01 -2.189936942897930e-08 7.441062764330126e-01 15
6.296638881755134e+00 -3.141592599331853e+00 7.838651283768946e-01 -3.135831683209744e-08 7.508050372001330e-01 15
6.296560841878664e+00 -3.141592599812052e+00 7.880690316061697e-01 -3.174879914524809e-08 7.574673551628875e-01 15
6.296481067050468e+00 -3.141592653589793e+00 7.923234396951766e-01 0.000000000000000e+00 7.640936982546628e-01 15
6.296399606353226e+00 -3.141592546320784e+00 7.966295735022660e-01 -6.608457603363149e-08 7.706845219926254e-01 14
6.296316510223451e+00 -3.141592653589793e+00 8.009886904754939e-01 0.000000000000000e+00 7.772402699412295e-01 14
6.296231830358923e+00 -3.141592575812796e+00 8.054020862678732e-01 -5.000721436942968e-08 7.837613741618716e-01 14
6.296145619623248e+00 -3.141592605539008e+00 8.098710964231560e-01 -3.156351979782812e-08 7.902482556265767e-01 14
6.296057931949633e+00 -3.141592653589793e+00 8.143970981463700e-01 0.000000000000000e+00 7.967013246155766e-01 14
6.295968822240661e+00 -3.141592653589793e+00 8.189815121607592e-01 0.000000000000000e+00 8.031209810927519e-01 14
6.295878346268998e+00 -3.141592635941430e+00 8.236258046579752e-01 -1.236593050180090e-08 8.095076150623777e-01 14
6.295786560575081e+00 -3.141592653589793e+00 8.283314893469963e-01 0.000000000000000e+00 8.158616069071697e-01 14
6.295693522365593e+00 -3.141592653589793e+00 8.331001296094206e-01 0.000000000000000e+00 8.221833277106803e-01 14
6.295599289410587e+00 -3.141592653589793e+00 8.379333407674608e-01 0.000000000000000e+00 8.284731395637578e-01 14
6.295503919941297e+00 -3.141592653589793e+00 8.428327924727089e-01 0.000000000000000e+00 8.347313958569099e-01 14
6.295407472548133e+00 -3.141592653589793e+00 8.478002112238742e-01 0.000000000000000e+00 8.409584415595680e-01 14
6.295310006079233e+00 -3.141592489916497e+00 8.528373830219920e-01 -1.307165504726981e-07 8.471546134866463e-01 14
6.295211579540087e+00 -3.141592526195917e+00 8.579461561732707e-01 -1.040147523667656e-07 8.533202405544041e-01 13
6.295112251995058e+00 -3.141592653589793e+00 8.631284442477659e-01 0.000000000000000e+00 8.594556440232082e-01 13
6.295012082470087e+00 -3.141592653589793e+00 8.683862292088380e-01 0.000000000000000e+00 8.655611377342801e-01 13
6.294911129857303e+00 -3.141592653589793e+00 8.737215647199508e-01 0.000000000000000e+00 8.716370283327444e-01 13
6.294809452822300e+00 -3.141592653589793e+00 8.791365796454823e-01 0.000000000000000e+00 8.776836154838653e-01 13
6.294707109713926e+00 -3.141592369615838e+00 8.846334817573956e-01 -2.593234960102109e-07 8.837011920800437e-01 13
6.294604158475813e+00 -3.141592653589793e+00 8.902145616631731e-01 0.000000000000000e+00 8.896900444399440e-01 13
6.294500656562808e+00 -3.141592106643140e+00 8.958821969705822e-01 -5.227556822973156e-07 8.956504524995165e-01 13
6.294396660858183e+00 -3.141592653589793e+00 9.016388567069271e-01 0.000000000000000e+00 9.015826899957625e-01 13
6.294292227596211e+00 -8.207292678748100e-06 9.074871060112899e-01 -3.141584439342361e+00 9.074870246431714e-01 13
6.294187412287029e+00 0.000000000000000e+00 9.134296111202729e-01 3.141592653589793e+00 9.133637183033301e-01 13
6.294082269645589e+00 -4.153613785940183e-07 9.194691446692466e-01 -3.141592218027041e+00 9.192130271478109e-01 13
6.293976853524050e+00 -4.883861811553378e-07 9.256085913332335e-01 -3.141592129249116e+00 9.250352018146889e-01 13
6.293871216848399e+00 -9.633611626814327e-08 9.318509538335291e-01 -3.141592547680744e+00 9.308304875588035e-01 13
6.293765411558277e+00 0.000000000000000e+00 9.381993593386923e-01 3.141592653589793e+00 9.365991243961135e-01 13
6.293659488551705e+00 -1.479674833456329e-07 9.446570662909722e-01 -3.141592482937213e+00 9.423413472422736e-01 13
6.293553497632671e+00 0.000000000000000e+00 9.512274716921949e-01 3.141592653589793e+00 9.480573860456564e-01 13
6.293447487463892e+00 -6.338079636315811e-08 9.579141188863820e-01 -3.141592576851517e+00 9.537474659151371e-01 13
6.293341505522061e+00 -1.124051265932147e-07 9.647207058797398e-01 -3.141592514108517e+00 9.594118072427659e-01 13
6.293235598058875e+00 0.000000000000000e+00 9.716510942426351e-01 3.141592653589793e+00 9.650506258215407e-01 13
6.293129810064412e+00 -8.320516116252467e-08 9.787093186426428e-01 -3.141592545074968e+00 9.706641329586526e-01 13
6.293024185235246e+00 0.000000000000000e+00 9.858995970622955e-01 3.141592653589793e+00 9.762525355842647e-01 13
6.292918765946018e+00 -3.999949832911167e-08 9.932263417608259e-01 -3.141592598715673e+00 9.818160363562047e-01 13
6.292813593224906e+00 0.000000000000000e+00 1.000694171044845e+00 3.141592653589793e+00 9.873548337606363e-01 13
6.292708706733015e+00 -7.382121713428252e-08 1.008307921919567e+00 -3.141592546964473e+00 9.928691222087630e-01 12
6.292604144746467e+00 -5.287725667805601e-08 1.016072663701884e+00 -3.141592575195054e+00 9.983590921318211e-01 12
6.292499944142850e+00 -6.213688745818831e-08 1.023993712677517e+00 -3.141592559006336e+00 1.003824930069321e+00 12
6.292396140390586e+00 0.000000000000000e+00 1.032076647906180e+00 3.141592653589793e+00 1.009266818757693e+00 12
6.292292767541491e+00 0.000000000000000e+00 1.040327328277028e+00 3.141592653589793e+00 1.014684937214457e+00 12
6.292189858226745e+00 -1.144063375546370e-08 1.048751910935641e+00 -3.141592634711992e+00 1.020079460820167e+00 12
6.292087443655052e+00 -3.187126808602700e-08 1.057356871214400e+00 -3.141592599536271e+00 1.025450561397729e+00 12
6.291985553614749e+00 -4.000652056995346e-08 1.066149024214291e+00 -3.141592583829448e+00 1.030798407289805e+00 12
6.291884216477516e+00 -1.544814786567242e-08 1.075135548201811e+00 -3.141592625885826e+00 1.036123163433851e+00 12
6.291783459205180e+00 0.000000000000000e+00 1.084324010005068e+00 3.141592653589793e+00 1.041424991435431e+00 12
6.291683307358941e+00 -3.664687362057819e-08 1.093722392614102e+00 -3.141592584007083e+00 1.046704049639736e+00 12
6.291583785110556e+00 -1.802531755746517e-08 1.103339125215193e+00 -3.141592618355224e+00 1.051960493201299e+00 12
6.291484915255927e+00 -2.046975548224496e-08 1.113183115917794e+00 -3.141592612382334e+00 1.057194474152443e+00 12
6.291386719230422e+00 0.000000000000000e+00 1.123263787464074e+00 3.141592653589793e+00 1.062406141470410e+00 12
6.291289217125961e+00 -9.891028774926926e-09 1.133591116246898e+00 -3.141592632447645e+00 1.067595641142532e+00 12
6.291192427710068e+00 0.000000000000000e+00 1.144175675007333e+00 3.141592653589793e+00 1.072763116231121e+00 12
6.291096368446356e+00 -1.909504517917418e-08 1.155028679626593e+00 -3.141592610181897e+00 1.077908706936532e+00 12
6.291001055516140e+00 0.000000000000000e+00 1.166162040486097e+00 3.141592653589793e+00 1.083032550659204e+00 12
6.290906503842033e+00 -2.761316066969900e-08 1.177588418932856e+00 -3.141592586716027e+00 1.088134782060974e+00 12
