0.95387536e-3
6.296527713333109e+00 0.000000000000000e+00 6.943453102431728e-01 4.190536227114876e+00 6.808334516503260e-01 68
6.296588282265496e+00 0.000000000000000e+00 6.943698944558796e-01 4.190616701294820e+00 6.788350567799646e-01 64
6.296648141648282e+00 0.000000000000000e+00 6.943943218206712e-01 4.190652626654376e+00 6.768365542473433e-01 60
6.296707257496493e+00 0.000000000000000e+00 6.944182162191258e-01 4.190721335682236e+00 6.748368853397504e-01 57
6.296765595280926e+00 0.000000000000000e+00 6.944421048766470e-01 4.190764675094407e+00 6.728370539452839e-01 54
6.296823119944169e+00 0.000000000000000e+00 6.944660756086106e-01 4.190785824866852e+00 6.708371266726676e-01 51
6.296879795918919e+00 0.000000000000000e+00 6.944895880003401e-01 4.190859752286793e+00 6.688357656109423e-01 49
6.296935587147150e+00 0.000000000000000e+00 6.945132371877883e-01 4.190919162393644e+00 6.668342232132358e-01 47
6.296990457102229e+00 0.000000000000000e+00 6.945370677457841e-01 4.190966117254288e+00 6.648325231632120e-01 45
6.297044368811163e+00 0.000000000000000e+00 6.945611320295466e-01 4.191000791382490e+00 6.628307167374251e-01 43
6.297097284881012e+00 0.000000000000000e+00 6.945846951323780e-01 4.191103765499951e+00 6.608270510387938e-01 42
6.297149167524756e+00 0.000000000000000e+00 6.946092813005215e-01 4.191120021309378e+00 6.588249750705418e-01 40
6.297199978591228e+00 0.000000000000000e+00 6.946333483916189e-01 4.191209283233838e+00 6.568208837119065e-01 39
6.297249679595952e+00 0.000000000000000e+00 6.946577075382174e-01 4.191291679735674e+00 6.548165977486994e-01 38
6.297298231754177e+00 0.000000000000000e+00 6.946823753903352e-01 4.191368493653325e+00 6.528121105212707e-01 37
6.297345596016290e+00 0.000000000000000e+00 6.947073697171878e-01 4.191440764689787e+00 6.508074214156183e-01 36
6.297391733104969e+00 0.000000000000000e+00 6.947327103204020e-01 4.191509044380806e+00 6.488025355414111e-01 35
6.297436603554557e+00 0.000000000000000e+00 6.947584183992990e-01 4.191573670783342e+00 6.467974631600293e-01 34
6.297480167753078e+00 0.000000000000000e+00 6.947845177211082e-01 4.191634523627204e+00 6.447922203284269e-01 33
6.297522385985548e+00 0.000000000000000e+00 6.948110332298761e-01 4.191691565728537e+00 6.427868288544523e-01 32
6.297563218480005e+00 0.000000000000000e+00 6.948379936464274e-01 4.191744259022106e+00 6.407813184274814e-01 31
6.297602625455663e+00 0.000000000000000e+00 6.948642473368326e-01 4.191882441056597e+00 6.387729629138004e-01 31
6.297640567172798e+00 0.000000000000000e+00 6.948920467561324e-01 4.191933305750298e+00 6.367669856560917e-01 30
6.297677003984973e+00 0.000000000000000e+00 6.949203637695907e-01 4.191979120764033e+00 6.347609510826040e-01 29
6.297711896393760e+00 0.000000000000000e+00 6.949479344215483e-01 4.192112003570338e+00 6.327518667996570e-01 29
6.297745205104281e+00 0.000000000000000e+00 6.949772000953588e-01 4.192156549050029e+00 6.307454058966435e-01 28
6.297776891084256e+00 0.000000000000000e+00 6.950070751226859e-01 4.192194006717266e+00 6.287389944463280e-01 27
6.297806915623226e+00 0.000000000000000e+00 6.950360540567808e-01 4.192327395110706e+00 6.267290726358636e-01 27
6.297835240395332e+00 0.000000000000000e+00 6.950670084115045e-01 4.192362666163677e+00 6.247223240468469e-01 26
6.297861827522206e+00 0.000000000000000e+00 6.950970524267085e-01 4.192493527356906e+00 6.227119574849777e-01 26
6.297886639638903e+00 0.000000000000000e+00 6.951291757135012e-01 4.192525738012371e+00 6.207049333217287e-01 25
6.297909639959927e+00 0.000000000000000e+00 6.951603342653053e-01 4.192655882356066e+00 6.186940898156752e-01 25
6.297930792347883e+00 0.000000000000000e+00 6.951937262837427e-01 4.192683769292458e+00 6.166868729067299e-01 24
6.297950061382539e+00 0.000000000000000e+00 6.952260519147856e-01 4.192814664299892e+00 6.146755229519636e-01 24
6.297967412431262e+00 0.000000000000000e+00 6.952590924546120e-01 4.192938910607479e+00 6.126641687204997e-01 24
6.297982811720444e+00 0.000000000000000e+00 6.952943745300281e-01 4.192969186118528e+00 6.106563388598403e-01 23
6.297996226407244e+00 0.000000000000000e+00 6.953286731078295e-01 4.193095869065914e+00 6.086444540927129e-01 23
6.298007624652807e+00 0.000000000000000e+00 6.953654907790502e-01 4.193118167569004e+00 6.066366563786767e-01 22
6.298016975694213e+00 0.000000000000000e+00 6.954011059988865e-01 4.193248413824898e+00 6.046242125898359e-01 22
6.298024249918565e+00 0.000000000000000e+00 6.954375211189240e-01 4.193373451300577e+00 6.026117571615188e-01 22
6.298029418935349e+00 0.000000000000000e+00 6.954766075682822e-01 4.193394207329534e+00 6.006036076491675e-01 21
6.298032455649281e+00 0.000000000000000e+00 6.955144428007246e-01 4.193523971179555e+00 5.985905754401925e-01 21
6.298033334332110e+00 0.000000000000000e+00 6.955531339068359e-01 4.193649266070484e+00 5.965775286670814e-01 21
6.298032030694193e+00 0.000000000000000e+00 6.955926928752871e-01 4.193770839076809e+00 5.945644487279600e-01 21
6.298028521954511e+00 0.000000000000000e+00 6.956349679200698e-01 4.193796546048851e+00 5.925555809537614e-01 20
6.298022786909383e+00 0.000000000000000e+00 6.956761090471286e-01 4.193923581696205e+00 5.905419304871817e-01 20
6.298014805999710e+00 0.000000000000000e+00 6.957181841108515e-01 4.194047234887194e+00 5.885282553096114e-01 20
6.298004561376207e+00 0.000000000000000e+00 6.957633352924497e-01 4.194065019837759e+00 5.865194659297033e-01 19
6.297992036962587e+00 0.000000000000000e+00 6.958071132110634e-01 4.194195186830290e+00 5.845052014038630e-01 19
6.297977218515632e+00 0.000000000000000e+00 6.958518987849331e-01 4.194322095902029e+00 5.824909278900783e-01 19
6.297960093684002e+00 0.000000000000000e+00 6.958977100449170e-01 4.194446281860033e+00 5.804766331345260e-01 19
6.297940652062130e+00 0.000000000000000e+00 6.959468997098489e-01 4.194461001139479e+00 5.784676846004877e-01 18
6.297918885242433e+00 0.000000000000000e+00 6.959946022189163e-01 4.194592411637855e+00 5.764528048832086e-01 18
6.297894786862742e+00 0.000000000000000e+00 6.960434141918377e-01 4.194721031401570e+00 5.744379275974422e-01 18
6.297868352650767e+00 0.000000000000000e+00 6.960933572006981e-01 4.194847306683160e+00 5.724230432110734e-01 18
6.297839580464066e+00 0.000000000000000e+00 6.961444543661782e-01 4.194971608095560e+00 5.704081439835865e-01 18
6.297808470325832e+00 0.000000000000000e+00 6.961992106983063e-01 4.194987190981807e+00 5.683989000739256e-01 17
6.297775024455623e+00 0.000000000000000e+00 6.962524742623235e-01 4.195119001624876e+00 5.663834503357077e-01 17
6.297739247296414e+00 0.000000000000000e+00 6.963069883382740e-01 4.195248653310459e+00 5.643680165815879e-01 17
6.297701145535562e+00 0.000000000000000e+00 6.963627800492582e-01 4.195376405052286e+00 5.623525927856794e-01 17
6.297660728121389e+00 0.000000000000000e+00 6.964198767481222e-01 4.195502625594747e+00 5.603371740274644e-01 17
6.297618006273655e+00 0.000000000000000e+00 6.964783080770526e-01 4.195627522191975e+00 5.583217568525927e-01 17
6.297572993489755e+00 0.000000000000000e+00 6.965407278510157e-01 4.195645651891306e+00 5.563122782690335e-01 16
6.297525705544358e+00 0.000000000000000e+00 6.966017136356683e-01 4.195777989863268e+00 5.542963768118381e-01 16
6.297476160483624e+00 0.000000000000000e+00 6.966641467442201e-01 4.195908736420712e+00 5.522805132669386e-01 16
6.297424378614325e+00 0.000000000000000e+00 6.967280606615338e-01 4.196038070369346e+00 5.502646848038009e-01 16
6.297370382486227e+00 0.000000000000000e+00 6.967934892801616e-01 4.196166258830999e+00 5.482488894281139e-01 16
6.297314196869526e+00 0.000000000000000e+00 6.968604689668605e-01 4.196293414967945e+00 5.462331262767572e-01 16
6.297255848726038e+00 0.000000000000000e+00 6.969320944601398e-01 4.196304220214739e+00 5.442242318941856e-01 15
6.297195367175109e+00 0.000000000000000e+00 6.970020725918216e-01 4.196439137420676e+00 5.422080372541012e-01 15
6.297132783453612e+00 0.000000000000000e+00 6.970737338782267e-01 4.196572643526597e+00 5.401919153414261e-01 15
6.297068130870350e+00 0.000000000000000e+00 6.971471173334024e-01 4.196705019499407e+00 5.381758648848842e-01 15
6.297001444755494e+00 0.000000000000000e+00 6.972222645626631e-01 4.196836403763504e+00 5.361598855699274e-01 15
6.296932762404158e+00 0.000000000000000e+00 6.972992185501284e-01 4.196966928841807e+00 5.341439777590022e-01 15
6.296862123015551e+00 0.000000000000000e+00 6.973780237419164e-01 4.197096714660539e+00 5.321281424247446e-01 15
6.296789567626382e+00 0.000000000000000e+00 6.974587262843640e-01 4.197225848145685e+00 5.301123811198388e-01 15
6.296715139040860e+00 0.000000000000000e+00 6.975448471106283e-01 4.197233115673543e+00 5.281043022952425e-01 14
6.296638881755134e+00 0.000000000000000e+00 6.976292788261788e-01 4.197369706689283e+00 5.260882197724677e-01 14
6.296560841878664e+00 0.000000000000000e+00 6.977157693262427e-01 4.197505256542202e+00 5.240722524856377e-01 14
6.296481067050468e+00 0.000000000000000e+00 6.978043688806893e-01 4.197639960039772e+00 5.220564009874700e-01 14
6.296399606353226e+00 0.000000000000000e+00 6.978951298129590e-01 4.197773962612846e+00 5.200406663588395e-01 14
6.296316510223451e+00 0.000000000000000e+00 6.979881077972711e-01 4.197907254891370e+00 5.180250503269375e-01 14
6.296231830358923e+00 0.000000000000000e+00 6.980833577253940e-01 4.198040040852859e+00 5.160095545993271e-01 14
6.296145619623248e+00 0.000000000000000e+00 6.981809381199217e-01 4.198172353543498e+00 5.139941814614157e-01 14
6.296057931949633e+00 0.000000000000000e+00 6.982809090918767e-01 4.198304241226408e+00 5.119789334322229e-01 14
6.295968822240661e+00 0.000000000000000e+00 6.983833314444753e-01 4.198435841033696e+00 5.099638130878414e-01 14
6.295878346268998e+00 0.000000000000000e+00 6.984882694800884e-01 4.198567153989765e+00 5.079488234116214e-01 14
6.295786560575081e+00 0.000000000000000e+00 6.985957877970242e-01 4.198698308280434e+00 5.059339673118961e-01 14
6.295693522365593e+00 0.000000000000000e+00 6.987096979091195e-01 4.198711803669292e+00 5.039271201463993e-01 13
6.295599289410587e+00 0.000000000000000e+00 6.988224123288147e-01 4.198848995716808e+00 5.019121535520855e-01 13
6.295503919941297e+00 0.000000000000000e+00 6.989379277611537e-01 4.198985647573593e+00 4.998973549900716e-01 13
6.295407472548133e+00 0.000000000000000e+00 6.990563157292886e-01 4.199121954209469e+00 4.978827259267999e-01 13
6.295310006079233e+00 0.000000000000000e+00 6.991776533350854e-01 4.199257867752110e+00 4.958682683749872e-01 13
6.295211579540087e+00 0.000000000000000e+00 6.993020180982100e-01 4.199393478095602e+00 4.938539841925204e-01 13
6.295112251995058e+00 0.000000000000000e+00 6.994294908802878e-01 4.199528808889108e+00 4.918398754171088e-01 13
6.295012082470087e+00 0.000000000000000e+00 6.995601532688369e-01 4.199664000832939e+00 4.898259439178432e-01 13
6.294911129857303e+00 0.000000000000000e+00 6.996940911005123e-01 4.199799078827560e+00 4.878121917889562e-01 13
6.294809452822300e+00 0.000000000000000e+00 6.998313936225065e-01 4.199934021337905e+00 4.857986212008898e-01 13
6.294707109713926e+00 0.000000000000000e+00 6.999721504824029e-01 4.200068957094492e+00 4.837852340435255e-01 13
6.294604158475813e+00 0.000000000000000e+00 7.001164571333972e-01 4.200203828677347e+00 4.817720325057618e-01 13
6.294500656562808e+00 0.000000000000000e+00 7.002644090532744e-01 4.200338759867051e+00 4.797590183928576e-01 13
6.294396660858183e+00 0.000000000000000e+00 7.004161071694818e-01 4.200473728920808e+00 4.777461937260145e-01 13
6.294292227596211e+00 0.000000000000000e+00 7.005716535921549e-01 4.200608832033137e+00 4.757335602280990e-01 13
6.294187412287029e+00 0.000000000000000e+00 7.007311563278665e-01 4.200744015278334e+00 4.737211198135968e-01 13
6.294082269645589e+00 0.000000000000000e+00 7.008947234604629e-01 4.200879414710776e+00 4.717088739649317e-01 13
6.293976853524050e+00 0.000000000000000e+00 7.010668981980617e-01 4.200894386723036e+00 4.697054272025616e-01 12
6.293871216848399e+00 0.000000000000000e+00 7.012388219397477e-01 4.201034400108451e+00 4.676932986888810e-01 12
6.293765411558277e+00 0.000000000000000e+00 7.014151701523659e-01 4.201174400291762e+00 4.656813845300443e-01 12
6.293659488551705e+00 0.000000000000000e+00 7.015960675150401e-01 4.201314433193334e+00 4.636696850847730e-01 12
6.293553497632671e+00 0.000000000000000e+00 7.017816422246534e-01 4.201454575668745e+00 4.616582005866049e-01 12
6.293447487463892e+00 0.000000000000000e+00 7.019720273380453e-01 4.201594875330848e+00 4.596469312492726e-01 12
6.293341505522061e+00 0.000000000000000e+00 7.021673613244095e-01 4.201735335603852e+00 4.576358773102276e-01 12
6.293235598058875e+00 0.000000000000000e+00 7.023677872687084e-01 4.201875965072787e+00 4.556250389010189e-01 12
6.293129810064412e+00 0.000000000000000e+00 7.025734501046051e-01 4.202016911323661e+00 4.536144158180269e-01 12
6.293024185235246e+00 0.000000000000000e+00 7.027845032827468e-01 4.202158159318877e+00 4.516040080817031e-01 12
6.292918765946018e+00 0.000000000000000e+00 7.030011057748469e-01 4.202299687115064e+00 4.495938156466760e-01 12
6.292813593224906e+00 0.000000000000000e+00 7.032234185708109e-01 4.202441624725935e+00 4.475838380775994e-01 12
6.292708706733015e+00 0.000000000000000e+00 7.034516118864451e-01 4.202583948223008e+00 4.455740751621383e-01 12
6.292604144746467e+00 0.000000000000000e+00 7.036858603195640e-01 4.202726702330210e+00 4.435645264640896e-01 12
6.292499944142850e+00 0.000000000000000e+00 7.039263443672973e-01 4.202869942982785e+00 4.415551914418469e-01 12
6.292396140390586e+00 0.000000000000000e+00 7.041732516840192e-01 4.203013697275692e+00 4.395460695267843e-01 12
6.292292767541491e+00 0.000000000000000e+00 7.044267768753444e-01 4.203157984830174e+00 4.375371600842725e-01 12
6.292189858226745e+00 0.000000000000000e+00 7.046871206608236e-01 4.203302860638133e+00 4.355284623307948e-01 12
6.292087443655052e+00 0.000000000000000e+00 7.049544924540656e-01 4.203448328275940e+00 4.335199755076674e-01 12
6.291985553614749e+00 0.000000000000000e+00 7.052291059038095e-01 4.203594515851563e+00 4.315116985386273e-01 12
6.291884216477516e+00 0.000000000000000e+00 7.055111880345689e-01 4.203741355304787e+00 4.295036306622813e-01 12
6.291783459205180e+00 0.000000000000000e+00 7.058009687761299e-01 4.203888972719076e+00 4.274957706661308e-01 12
6.291683307358941e+00 0.000000000000000e+00 7.060986931072960e-01 4.204037274764790e+00 4.254881177155535e-01 12
6.291583785110556e+00 0.000000000000000e+00 7.064046078320867e-01 4.204186416397051e+00 4.234806704171595e-01 12
6.291484915255927e+00 0.000000000000000e+00 7.067189735542101e-01 4.204336405247238e+00 4.214734276157693e-01 12
6.291386719230422e+00 0.000000000000000e+00 7.070420613201880e-01 4.204487235554441e+00 4.194663881381676e-01 12
6.291289217125961e+00 0.000000000000000e+00 7.073741464818453e-01 4.204639090373353e+00 4.174595503731152e-01 12
6.291192427710068e+00 0.000000000000000e+00 7.077155261843640e-01 4.204791814554021e+00 4.154529133666935e-01 12
6.291096368446356e+00 0.000000000000000e+00 7.080664987436606e-01 4.204945566310736e+00 4.134464754767852e-01 12
6.291001055516140e+00 0.000000000000000e+00 7.084273792037468e-01 4.205100355883985e+00 4.114402353373031e-01 12
6.290906503842033e+00 0.000000000000000e+00 7.087984939752054e-01 4.205256226040841e+00 4.094341914838675e-01 12
6.290812727111519e+00 0.000000000000000e+00 7.091801824458100e-01 4.205413220852558e+00 4.074283424255258e-01 12
6.290719737802701e+00 0.000000000000000e+00 7.095727977193020e-01 4.205571382442153e+00 4.054226866537876e-01 12
6.290627547210682e+00 0.000000000000000e+00 7.099767072412549e-01 4.205730752032109e+00 4.034172226510579e-01 12
6.290536165473823e+00 0.000000000000000e+00 7.103922933671607e-01 4.205891373192610e+00 4.014119488793899e-01 12
6.290445601602268e+00 0.000000000000000e+00 7.108199540015533e-01 4.206053293935362e+00 3.994068637896576e-01 12
6.290355863505627e+00 0.000000000000000e+00 7.112601038617312e-01 4.206216554429328e+00 3.974019658434593e-01 12
6.290266958021860e+00 0.000000000000000e+00 7.117131744065952e-01 4.206381208842334e+00 3.953972534770358e-01 12
6.290178890946535e+00 0.000000000000000e+00 7.121796162130388e-01 4.206547289191044e+00 3.933927251814842e-01 12
6.290091667061965e+00 0.000000000000000e+00 7.126598973257614e-01 4.206714865311881e+00 3.913883793763092e-01 12
6.290005290167045e+00 0.000000000000000e+00 7.131545052011012e-01 4.206884019235067e+00 3.893842144686834e-01 12
6.289919763106674e+00 0.000000000000000e+00 7.136639556058653e-01 4.207054676595838e+00 3.873802292331688e-01 12
6.289835087801980e+00 0.000000000000000e+00 7.141887768898966e-01 4.207226973932858e+00 3.853764219979852e-01 12
6.289751265279654e+00 0.000000000000000e+00 7.147295238151370e-01 4.207400977728929e+00 3.833727912783765e-01 12
6.289668295701857e+00 0.000000000000000e+00 7.152867748641173e-01 4.207576769778932e+00 3.813693355823983e-01 12
6.289586178395680e+00 0.000000000000000e+00 7.158611437045481e-01 4.207754250529010e+00 3.793660538656103e-01 12
6.289504911882410e+00 0.000000000000000e+00 7.164532557754971e-01 4.207933625384955e+00 3.773629444345378e-01 12
6.289424493906932e+00 0.000000000000000e+00 7.170637753587729e-01 4.208114901108554e+00 3.753600060835947e-01 12
6.289344921465801e+00 0.000000000000000e+00 7.176933944725402e-01 4.208298135206424e+00 3.733572375475248e-01 12
6.289266190836426e+00 0.000000000000000e+00 7.183428370533572e-01 4.208483386554473e+00 3.713546375986060e-01 12
6.289188297604598e+00 0.000000000000000e+00 7.190128580083348e-01 4.208670761332765e+00 3.693522049614696e-01 12
6.289111236692304e+00 0.000000000000000e+00 7.197042594574946e-01 4.208860172212788e+00 3.673499388623207e-01 12
6.289035002385005e+00 0.000000000000000e+00 7.204178639656202e-01 4.209051822752484e+00 3.653478379153545e-01 12
6.288959588357995e+00 0.000000000000000e+00 7.211545442327988e-01 4.209245743175035e+00 3.633459011996495e-01 12
6.288884987702841e+00 0.000000000000000e+00 7.219152140456188e-01 4.209441984227848e+00 3.613441278152347e-01 12
6.288811192952908e+00 0.000000000000000e+00 7.227008305406304e-01 4.209640618089040e+00 3.593425168800688e-01 12
6.288738196108643e+00 0.000000000000000e+00 7.235123987782059e-01 4.209841708407293e+00 3.573410676092929e-01 12
6.288665988661968e+00 0.000000000000000e+00 7.243509733591686e-01 4.210045328718440e+00 3.553397792682169e-01 12
6.288594561620140e+00 0.000000000000000e+00 7.252176631192270e-01 4.210251539188547e+00 3.533386512340725e-01 12
6.288523905529610e+00 0.000000000000000e+00 7.261136286096288e-01 4.210460464671604e+00 3.513376828117591e-01 12
6.288454010498227e+00 0.000000000000000e+00 7.270400995820532e-01 4.210672107994601e+00 3.493368736851586e-01 12
6.288384866217987e+00 0.000000000000000e+00 7.279983683639446e-01 4.210886495914309e+00 3.473362235735573e-01 12
6.288316461986221e+00 0.000000000000000e+00 7.289897803332328e-01 4.211103840067747e+00 3.453357318275599e-01 12
6.288248786726962e+00 0.000000000000000e+00 7.300157681922216e-01 4.211324162175963e+00 3.433353983624828e-01 12
6.288181829010988e+00 0.000000000000000e+00 7.310778316248336e-01 4.211547604680163e+00 3.413352228879837e-01 12
6.288115577076044e+00 0.000000000000000e+00 7.321775740250464e-01 4.211774066265008e+00 3.393352058263011e-01 12
6.288050018845654e+00 0.000000000000000e+00 7.333166539432485e-01 4.212003814223646e+00 3.373353467725713e-01 12
6.287985141947981e+00 0.000000000000000e+00 7.344968448128361e-01 4.212236875469513e+00 3.353356460338354e-01 12
6.287920933733965e+00 0.000000000000000e+00 7.357200157319608e-01 4.212473328674969e+00 3.333361038918350e-01 12
6.287857381294598e+00 0.000000000000000e+00 7.369881375510680e-01 4.212713306134457e+00 3.313367206039619e-01 12
6.287794471477732e+00 0.000000000000000e+00 7.383033036463401e-01 4.212956861861322e+00 3.293374967354492e-01 12
6.287732190904884e+00 0.000000000000000e+00 7.396677259248143e-01 4.213204095247120e+00 3.273384328543920e-01 12
6.287670525986376e+00 0.000000000000000e+00 7.411232882956419e-01 4.213016120013131e+00 3.253723628728922e-01 10
6.287609462937212e+00 0.000000000000000e+00 7.425943247915417e-01 4.213270037379674e+00 3.233736794340392e-01 10
6.287548987791620e+00 0.000000000000000e+00 7.441221203036255e-01 4.213527939792158e+00 3.213751628605955e-01 10
6.287489086416911e+00 0.000000000000000e+00 7.457094903911823e-01 4.213789832546365e+00 3.193768143287754e-01 10
