0.95387536e-3 SECg
6.296527713333109e+00 -1.244645954723654e-08 6.977129268113171e-01 -3.141592635993536e+00 6.881809988837001e-01 68
6.296588282265496e+00 0.000000000000000e+00 6.979542203149639e-01 3.141592653589793e+00 6.867376666215032e-01 64
6.296648141648282e+00 -5.251333872039710e-08 6.981833126013303e-01 -3.141592574738276e+00 6.852599110922998e-01 60
6.296707257496493e+00 -5.171918635009108e-08 6.984023264296551e-01 -3.141592573728578e+00 6.837533253288601e-01 57
6.296765595280926e+00 0.000000000000000e+00 6.986128642413775e-01 3.141592653589793e+00 6.822221280494775e-01 54
6.296823119944169e+00 0.000000000000000e+00 6.988161720152755e-01 3.141592653589793e+00 6.806695953913721e-01 51
6.296879795918919e+00 -3.938546840969513e-08 6.990132422105965e-01 -3.141592587864472e+00 6.790983323152825e-01 49
6.296935587147150e+00 -2.968023710497897e-08 6.992048813791979e-01 -3.141592602846057e+00 6.775104509659885e-01 47
6.296990457102229e+00 0.000000000000000e+00 6.993917562343003e-01 3.141592653589793e+00 6.759076922741045e-01 45
6.297044368811163e+00 -3.625512325902328e-08 6.995744260102503e-01 -3.141592588655025e+00 6.742915114173981e-01 43
6.297097284881012e+00 -2.159021925022637e-08 6.997533657981523e-01 -3.141592614044409e+00 6.726631394830108e-01 42
6.297149167524756e+00 0.000000000000000e+00 6.999289837491877e-01 3.141592653589793e+00 6.710236289450116e-01 40
6.297199978591228e+00 -3.160494733975895e-08 7.001016340240190e-01 -3.141592593134360e+00 6.693738879178195e-01 39
6.297249679595952e+00 0.000000000000000e+00 7.002716266862020e-01 3.141592653589793e+00 6.677147063292409e-01 38
6.297298231754177e+00 0.000000000000000e+00 7.004392353997727e-01 3.141592653589793e+00 6.660467762970430e-01 37
6.297345596016290e+00 0.000000000000000e+00 7.006047034866619e-01 3.141592653589793e+00 6.643707081655377e-01 36
6.297391733104969e+00 0.000000000000000e+00 7.007682487576276e-01 3.141592653589793e+00 6.626870432981068e-01 35
6.297436603554557e+00 -1.406197872473005e-08 7.009300674071661e-01 -3.141592623808188e+00 6.609962643919934e-01 34
6.297480167753078e+00 -1.966666648983139e-08 7.010903371859099e-01 -3.141592611120233e+00 6.592988038795227e-01 33
6.297522385985548e+00 0.000000000000000e+00 7.012492200085535e-01 3.141592653589793e+00 6.575950508334132e-01 32
6.297563218480005e+00 -1.924083476816800e-08 7.014068641159924e-01 -3.141592610424546e+00 6.558853566898775e-01 31
6.297602625455663e+00 -1.648433416088847e-08 7.015634058835329e-01 -3.141592615909541e+00 6.541700400332585e-01 31
6.297640567172798e+00 0.000000000000000e+00 7.017189713374130e-01 3.141592653589793e+00 6.524493906031726e-01 30
6.297677003984973e+00 -9.316867349210782e-09 7.018736774504449e-01 -3.141592631494083e+00 6.507236727201113e-01 29
6.297711896393760e+00 -1.596862328159317e-08 7.020276332389630e-01 -3.141592615025987e+00 6.489931281780426e-01 29
6.297745205104281e+00 -1.580299698544084e-08 7.021809407031229e-01 -3.141592614734481e+00 6.472579787196407e-01 28
6.297776891084256e+00 0.000000000000000e+00 7.023336956475322e-01 3.141592653589793e+00 6.455184281973314e-01 27
6.297806915623226e+00 -1.787513738931243e-08 7.024859883858774e-01 -3.141592608054615e+00 6.437746644208535e-01 27
6.297835240395332e+00 0.000000000000000e+00 7.026379043527459e-01 3.141592653589793e+00 6.420268607556386e-01 26
6.297861827522206e+00 -2.145120221499717e-08 7.027895246529576e-01 -3.141592597007412e+00 6.402751775607656e-01 26
6.297886639638903e+00 0.000000000000000e+00 7.029409265276542e-01 3.141592653589793e+00 6.385197633947308e-01 25
6.297909639959927e+00 0.000000000000000e+00 7.030921837849460e-01 3.141592653589793e+00 6.367607561355548e-01 25
6.297930792347883e+00 0.000000000000000e+00 7.032433671644182e-01 3.141592653589793e+00 6.349982839136792e-01 24
6.297950061382539e+00 0.000000000000000e+00 7.033945446809025e-01 3.141592653589793e+00 6.332324659983836e-01 24
6.297967412431262e+00 -1.666174654430341e-08 7.035457819146309e-01 -3.141592605744908e+00 6.314634135302269e-01 24
6.297982811720444e+00 0.000000000000000e+00 7.036971422855389e-01 3.141592653589793e+00 6.296912302171503e-01 23
6.297996226407244e+00 0.000000000000000e+00 7.038486872983233e-01 3.141592653589793e+00 6.279160129495693e-01 23
6.298007624652807e+00 -1.617877903120551e-08 7.040004767566965e-01 -3.141592604763756e+00 6.261378523275082e-01 22
6.298016975694213e+00 -8.011061549759410e-09 7.041525689731617e-01 -3.141592629013507e+00 6.243568331823424e-01 22
6.298024249918565e+00 0.000000000000000e+00 7.043050209443340e-01 3.141592653589793e+00 6.225730349959150e-01 22
6.298029418935349e+00 -1.111211392071672e-08 7.044578885244177e-01 -3.141592618372110e+00 6.207865323201792e-01 21
6.298032455649281e+00 -7.782106745642618e-09 7.046112265833698e-01 -3.141592628523950e+00 6.189973951533063e-01 21
6.298033334332110e+00 0.000000000000000e+00 7.047650891440569e-01 3.141592653589793e+00 6.172056892528667e-01 21
6.298032030694193e+00 0.000000000000000e+00 7.049195295210665e-01 3.141592653589793e+00 6.154114764581976e-01 21
6.298028521954511e+00 -1.512315618364769e-08 7.050746004432169e-01 -3.141592602478303e+00 6.136148149634564e-01 20
6.298022786909383e+00 0.000000000000000e+00 7.052303541732914e-01 3.141592653589793e+00 6.118157595843119e-01 20
6.298014805999710e+00 0.000000000000000e+00 7.053868426125960e-01 3.141592653589793e+00 6.100143619775958e-01 20
6.298004561376207e+00 0.000000000000000e+00 7.055441174071202e-01 3.141592653589793e+00 6.082106708676273e-01 19
6.297992036962587e+00 0.000000000000000e+00 7.057022300481407e-01 3.141592653589793e+00 6.064047322557070e-01 19
6.297977218515632e+00 0.000000000000000e+00 7.058612319588212e-01 3.141592653589793e+00 6.045965895847365e-01 19
6.297960093684002e+00 0.000000000000000e+00 7.060211745874656e-01 3.141592653589793e+00 6.027862839257334e-01 19
6.297940652062130e+00 -1.000700770552874e-08 7.061821094901651e-01 -3.141592615823457e+00 6.009738541297787e-01 18
6.297918885242433e+00 0.000000000000000e+00 7.063440884162995e-01 3.141592653589793e+00 5.991593369889140e-01 18
6.297894786862742e+00 0.000000000000000e+00 7.065071633808198e-01 3.141592653589793e+00 5.973427673530268e-01 18
6.297868352650767e+00 0.000000000000000e+00 7.066713867453028e-01 3.141592653589793e+00 5.955241782745105e-01 18
6.297839580464066e+00 0.000000000000000e+00 7.068368112907701e-01 3.141592653589793e+00 5.937036011246354e-01 18
6.297808470325832e+00 0.000000000000000e+00 7.070034902894899e-01 3.141592653589793e+00 5.918810657050269e-01 17
6.297775024455623e+00 0.000000000000000e+00 7.071714775795502e-01 3.141592653589793e+00 5.900566003665825e-01 17
6.297739247296414e+00 -9.370020136672629e-09 7.073408276291768e-01 -3.141592614175993e+00 5.882302320923813e-01 17
6.297701145535562e+00 0.000000000000000e+00 7.075115956099622e-01 3.141592653589793e+00 5.864019866078993e-01 17
6.297660728121389e+00 0.000000000000000e+00 7.076838374642226e-01 3.141592653589793e+00 5.845718884692855e-01 17
6.297618006273655e+00 0.000000000000000e+00 7.078576099729332e-01 3.141592653589793e+00 5.827399611508612e-01 17
6.297572993489755e+00 0.000000000000000e+00 7.080329708226488e-01 3.141592653589793e+00 5.809062271263012e-01 16
6.297525705544358e+00 0.000000000000000e+00 7.082099786759347e-01 3.141592653589793e+00 5.790707079585093e-01 16
6.297476160483624e+00 0.000000000000000e+00 7.083886932337484e-01 3.141592653589793e+00 5.772334243590290e-01 16
6.297424378614325e+00 0.000000000000000e+00 7.085691753060803e-01 3.141592653589793e+00 5.753943962716686e-01 16
6.297370382486227e+00 0.000000000000000e+00 7.087514868780675e-01 3.141592653589793e+00 5.735536429370539e-01 16
6.297314196869526e+00 0.000000000000000e+00 7.089356911770082e-01 3.141592653589793e+00 5.717111829561033e-01 16
6.297255848726038e+00 -8.531830109630159e-09 7.091218527384981e-01 -3.141592611760484e+00 5.698670343461361e-01 15
6.297195367175109e+00 0.000000000000000e+00 7.093100374769188e-01 3.141592653589793e+00 5.680212146072570e-01 15
6.297132783453612e+00 0.000000000000000e+00 7.095003127467526e-01 3.141592653589793e+00 5.661737407522529e-01 15
6.297068130870350e+00 -8.294714580920569e-09 7.096927474135593e-01 -3.141592611017463e+00 5.643246293643561e-01 15
6.297001444755494e+00 0.000000000000000e+00 7.098874119200164e-01 3.141592653589793e+00 5.624738966323978e-01 15
6.296932762404158e+00 -5.755833539076266e-09 7.100843783531616e-01 -3.141592623132462e+00 5.606215583840152e-01 15
6.296862123015551e+00 0.000000000000000e+00 7.102837205120888e-01 3.141592653589793e+00 5.587676301139787e-01 15
6.296789567626382e+00 0.000000000000000e+00 7.104855139760975e-01 3.141592653589793e+00 5.569121270071836e-01 15
6.296715139040860e+00 0.000000000000000e+00 7.106898361728278e-01 3.141592653589793e+00 5.550550639542045e-01 14
6.296638881755134e+00 0.000000000000000e+00 7.108967664516078e-01 3.141592653589793e+00 5.531964555774678e-01 14
6.296560841878664e+00 -5.490089441426569e-09 7.111063861492383e-01 -3.141592622232192e+00 5.513363162222533e-01 14
6.296481067050468e+00 0.000000000000000e+00 7.113187786667150e-01 3.141592653589793e+00 5.494746599776040e-01 14
6.296399606353226e+00 0.000000000000000e+00 7.115340295430077e-01 3.141592653589793e+00 5.476115006775095e-01 14
6.296316510223451e+00 -7.545810693714754e-09 7.117522265322106e-01 -3.141592608463805e+00 5.457468519041595e-01 14
6.296231830358923e+00 0.000000000000000e+00 7.119734596833518e-01 3.141592653589793e+00 5.438807269903566e-01 14
6.296145619623248e+00 -7.403062736748837e-09 7.121978214233134e-01 -3.141592607936936e+00 5.420131390221042e-01 14
6.296057931949633e+00 -5.184865822293647e-09 7.124254066430817e-01 -3.141592621120492e+00 5.401441008417426e-01 14
6.295968822240661e+00 -7.262487045693906e-09 7.126563127878287e-01 -3.141592607404062e+00 5.382736250529497e-01 14
6.295878346268998e+00 0.000000000000000e+00 7.128906399509621e-01 3.141592653589793e+00 5.364017240275492e-01 14
6.295786560575081e+00 0.000000000000000e+00 7.131284909725571e-01 3.141592653589793e+00 5.345284099152463e-01 14
6.295693522365593e+00 0.000000000000000e+00 7.133699715417275e-01 3.141592653589793e+00 5.326536946540207e-01 13
6.295599289410587e+00 0.000000000000000e+00 7.136151903069627e-01 3.141592653589793e+00 5.307775899959728e-01 13
6.295503919941297e+00 -4.893268216411600e-09 7.138642589848717e-01 -3.141592619969677e+00 5.289001075118448e-01 13
6.295407472548133e+00 -6.853149612782680e-09 7.141172924808498e-01 -3.141592605766597e+00 5.270212586249063e-01 13
6.295310006079233e+00 -4.798889537461878e-09 7.143744090113383e-01 -3.141592619576432e+00 5.251410546345036e-01 13
6.295211579540087e+00 -4.752206293496841e-09 7.146357302322057e-01 -3.141592619377882e+00 5.232595067458701e-01 13
6.295112251995058e+00 0.000000000000000e+00 7.149013813724265e-01 3.141592653589793e+00 5.213766261024243e-01 13
6.295012082470087e+00 0.000000000000000e+00 7.151714913731682e-01 3.141592653589793e+00 5.194924238202957e-01 13
6.294911129857303e+00 0.000000000000000e+00 7.154461930322887e-01 3.141592653589793e+00 5.176069110243446e-01 13
6.294809452822300e+00 0.000000000000000e+00 7.157256231543734e-01 3.141592653589793e+00 5.157200988853738e-01 13
6.294707109713926e+00 0.000000000000000e+00 7.160099227061691e-01 3.141592653589793e+00 5.138319986570570e-01 13
6.294604158475813e+00 0.000000000000000e+00 7.162992369777922e-01 3.141592653589793e+00 5.119426217130776e-01 13
6.294500656562808e+00 0.000000000000000e+00 7.165937157494784e-01 3.141592653589793e+00 5.100519795824521e-01 13
6.294396660858183e+00 -4.390282808493127e-09 7.168935134642488e-01 -3.141592617739425e+00 5.081600839833381e-01 13
6.294292227596211e+00 0.000000000000000e+00 7.171987894065233e-01 3.141592653589793e+00 5.062669468540811e-01 13
6.294187412287029e+00 0.000000000000000e+00 7.175097078870399e-01 3.141592653589793e+00 5.043725803815462e-01 13
6.294082269645589e+00 -4.259572854697249e-09 7.178264384341360e-01 -3.141592617100041e+00 5.024769970252534e-01 13
6.293976853524050e+00 0.000000000000000e+00 7.181491559915391e-01 3.141592653589793e+00 5.005802095361452e-01 12
6.293871216848399e+00 0.000000000000000e+00 7.184780411256693e-01 3.141592653589793e+00 4.986822309812153e-01 12
6.293765411558277e+00 0.000000000000000e+00 7.188132802356489e-01 3.141592653589793e+00 4.967830747418436e-01 12
6.293659488551705e+00 0.000000000000000e+00 7.191550657766532e-01 3.141592653589793e+00 4.948827545302731e-01 12
6.293553497632671e+00 0.000000000000000e+00 7.195035964892479e-01 3.141592653589793e+00 4.929812843894826e-01 12
6.293447487463892e+00 -4.005767093650932e-09 7.198590776386823e-01 -3.141592615775314e+00 4.910786786911828e-01 12
6.293341505522061e+00 0.000000000000000e+00 7.202217212641672e-01 3.141592653589793e+00 4.891749521292769e-01 12
6.293235598058875e+00 0.000000000000000e+00 7.205917464389624e-01 3.141592653589793e+00 4.872701197093815e-01 12
6.293129810064412e+00 0.000000000000000e+00 7.209693795419396e-01 3.141592653589793e+00 4.853641967341543e-01 12
6.293024185235246e+00 0.000000000000000e+00 7.213548545416079e-01 3.141592653589793e+00 4.834571987855668e-01 12
6.292918765946018e+00 0.000000000000000e+00 7.217484132933822e-01 3.141592653589793e+00 4.815491417038190e-01 12
6.292813593224906e+00 0.000000000000000e+00 7.221503058510883e-01 3.141592653589793e+00 4.796400415636797e-01 12
6.292708706733015e+00 0.000000000000000e+00 7.225607907936719e-01 3.141592653589793e+00 4.777299146485283e-01 12
6.292604144746467e+00 0.000000000000000e+00 7.229801355682239e-01 3.141592653589793e+00 4.758187774228723e-01 12
6.292499944142850e+00 -3.642735015710833e-09 7.234086168503184e-01 -3.141592613657728e+00 4.739066465032962e-01 12
6.292396140390586e+00 0.000000000000000e+00 7.238465209228993e-01 3.141592653589793e+00 4.719935386287452e-01 12
6.292292767541491e+00 0.000000000000000e+00 7.242941440748676e-01 3.141592653589793e+00 4.700794706301895e-01 12
6.292189858226745e+00 0.000000000000000e+00 7.247517930206718e-01 3.141592653589793e+00 4.681644594003489e-01 12
6.292087443655052e+00 -3.487696388528529e-09 7.252197853422205e-01 -3.141592612659074e+00 4.662485218636946e-01 12
6.291985553614749e+00 -3.449510706321125e-09 7.256984499545082e-01 -3.141592612403297e+00 4.643316749471207e-01 12
6.291884216477516e+00 0.000000000000000e+00 7.261881275964415e-01 3.141592653589793e+00 4.624139355514075e-01 12
6.291783459205180e+00 0.000000000000000e+00 7.266891713484495e-01 3.141592653589793e+00 4.604953205241918e-01 12
6.291683307358941e+00 -4.718225061699450e-09 7.272019471784488e-01 -3.141592594236105e+00 4.585758466339178e-01 12
6.291583785110556e+00 0.000000000000000e+00 7.277268345180415e-01 3.141592653589793e+00 4.566555305458735e-01 12
6.291484915255927e+00 0.000000000000000e+00 7.282642268706899e-01 3.141592653589793e+00 4.547343887996515e-01 12
6.291386719230422e+00 0.000000000000000e+00 7.288145324539159e-01 3.141592653589793e+00 4.528124377887431e-01 12
6.291289217125961e+00 0.000000000000000e+00 7.293781748775821e-01 3.141592653589793e+00 4.508896937417091e-01 12
6.291192427710068e+00 0.000000000000000e+00 7.299555938606013e-01 3.141592653589793e+00 4.489661727059339e-01 12
6.291096368446356e+00 -3.115625331561037e-09 7.305472459883955e-01 -3.141592609978907e+00 4.470418905329883e-01 12
6.291001055516140e+00 0.000000000000000e+00 7.311536055137439e-01 3.141592653589793e+00 4.451168628661243e-01 12
6.290906503842033e+00 -3.043710821061983e-09 7.317751652038020e-01 -3.141592609407301e+00 4.431911051300232e-01 12
