0.95387536e-3
6.296527713333109e+00 3.139678001845009e+00 6.923565273464902e-01 3.141592653589793e+00 6.786367860512704e-01 5.743125134471194e-01 -7.508750349477112e-04 1.926555913707230e-03 1.181648185541438e+00 68
6.296588282265496e+00 3.139931258100819e+00 6.924054168339853e-01 3.141592653589793e+00 6.766616425467067e-01 5.810794597712262e-01 -6.422291052435559e-04 1.633362706823750e-03 1.164488921738933e+00 64
6.296648141648282e+00 3.140002641543701e+00 6.924505313886121e-01 3.141592653589793e+00 6.746844904313064e-01 5.874043154106281e-01 -6.063590570512586e-04 1.530001222027790e-03 1.148584620508903e+00 60
6.296707257496493e+00 3.140148773620496e+00 6.924922031732267e-01 3.141592653589793e+00 6.727045933500457e-01 5.933626630346818e-01 -5.436002093400887e-04 1.361867402539550e-03 1.133714496962411e+00 57
6.296765595280926e+00 3.140192371541622e+00 6.925312221098016e-01 3.141592653589793e+00 6.707230908341166e-01 5.990081820486227e-01 -5.207674210212401e-04 1.296186907477988e-03 1.119721626386332e+00 54
6.296823119944169e+00 3.140148457175534e+00 6.925679812388356e-01 3.141592653589793e+00 6.687401980514103e-01 6.043834061885565e-01 -5.308332117819900e-04 1.313372619426850e-03 1.106482233003217e+00 51
6.296879795918919e+00 3.140257166931294e+00 6.926023427549610e-01 3.141592653589793e+00 6.667547133609274e-01 6.095235643808002e-01 -4.853631104123042e-04 1.194290651856757e-03 1.093893940546238e+00 49
6.296935587147150e+00 3.140308193824862e+00 6.926349313261830e-01 3.141592653589793e+00 6.647679368541459e-01 6.144541479444202e-01 -4.617575789865531e-04 1.130457826926014e-03 1.081882866411714e+00 47
6.296990457102229e+00 3.140309937402379e+00 6.926659425974241e-01 3.141592653589793e+00 6.627799617944624e-01 6.191973986249774e-01 -4.562912113173305e-04 1.111843069272831e-03 1.070384752813957e+00 45
6.297044368811163e+00 3.140264403875260e+00 6.926955480493583e-01 3.141592653589793e+00 6.607908949797088e-01 6.237717991372602e-01 -4.676759109387323e-04 1.134632168048778e-03 1.059346327059858e+00 43
6.297097284881012e+00 3.140426119404837e+00 6.927232938976307e-01 3.141592653589793e+00 6.587989999329195e-01 6.281946237141928e-01 -4.066636766293226e-04 9.826257608153885e-04 1.048717348836220e+00 42
6.297149167524756e+00 3.140308125510240e+00 6.927504303975137e-01 3.141592653589793e+00 6.568078032639226e-01 6.324758753364409e-01 -4.434739813327366e-04 1.067543964159739e-03 1.038470170086040e+00 40
6.297199978591228e+00 3.140413660791150e+00 6.927758454068426e-01 3.141592653589793e+00 6.548136548272494e-01 6.366303104626018e-01 -4.031991491040901e-04 9.671959753254408e-04 1.028561245189286e+00 39
6.297249679595952e+00 3.140491642871892e+00 6.928002226261986e-01 3.141592653589793e+00 6.528184254685494e-01 6.406661744549661e-01 -3.730577470155180e-04 8.919731690347002e-04 1.018967628915980e+00 38
6.297298231754177e+00 3.140546932035627e+00 6.928236269970833e-01 3.141592653589793e+00 6.508221235659913e-01 6.445921792068063e-01 -3.511246138349793e-04 8.369776686345375e-04 1.009664483493098e+00 37
6.297345596016290e+00 3.140582828543760e+00 6.928461164567913e-01 3.141592653589793e+00 6.488247597333395e-01 6.484159906724916e-01 -3.360702576161968e-04 7.988199262371695e-04 1.000629997728473e+00 36
6.297391733104969e+00 3.140601437767464e+00 6.928677432125816e-01 3.141592653589793e+00 6.468263468173870e-01 6.521443970118277e-01 -3.270115368029392e-04 7.752317508851834e-04 9.918448985707219e-01 35
6.297436603554557e+00 3.140603896038756e+00 6.928885549056818e-01 3.141592653589793e+00 6.448269003370422e-01 6.557834431838808e-01 -3.234167917744242e-04 7.648194387501299e-04 9.832920603345950e-01 34
6.297480167753078e+00 3.140590495901885e+00 6.929085957169994e-01 3.141592653589793e+00 6.428264393384349e-01 6.593385398258573e-01 -3.250491744759320e-04 7.669142749019611e-04 9.749561890062795e-01 33
6.297522385985548e+00 3.140560730901649e+00 6.929279074759210e-01 3.141592653589793e+00 6.408249877179385e-01 6.628145521375093e-01 -3.319392468376624e-04 7.814965716810051e-04 9.668235651163071e-01 32
6.297563218480005e+00 3.140513269521491e+00 6.929465308376687e-01 3.141592653589793e+00 6.388225761113085e-01 6.662158730193207e-01 -3.443819112659082e-04 8.091798178975380e-04 9.588818329248815e-01 31
6.297602625455663e+00 3.140730881812807e+00 6.929635124165997e-01 3.141592653589793e+00 6.368162299295662e-01 6.695480262054071e-01 -2.727442971836727e-04 6.396756004242105e-04 9.511133339766261e-01 31
6.297640567172798e+00 3.140669901320883e+00 6.929807472297868e-01 3.141592653589793e+00 6.348116207313208e-01 6.728116757120124e-01 -2.897342819898466e-04 6.783619143365931e-04 9.435202257969446e-01 30
6.297677003984973e+00 3.140589168945963e+00 6.929973865719917e-01 3.141592653589793e+00 6.328061046196211e-01 6.760115736878517e-01 -3.126237339721727e-04 7.307975931984088e-04 9.360873404915205e-01 29
6.297711896393760e+00 3.140778975029056e+00 6.930123530942087e-01 3.141592653589793e+00 6.307963562797462e-01 6.791522305399263e-01 -2.515346248673726e-04 5.871396907766394e-04 9.287994358677155e-01 29
6.297745205104281e+00 3.140687064675460e+00 6.930277349279684e-01 3.141592653589793e+00 6.287886421058745e-01 6.822336338487588e-01 -2.778141880654268e-04 6.476145104471900e-04 9.216614822141243e-01 28
6.297776891084256e+00 3.140569091032666e+00 6.930426106217443e-01 3.141592653589793e+00 6.267801175721429e-01 6.852596835582155e-01 -3.116406688736376e-04 7.255773042815026e-04 9.146603929742192e-01 27
6.297806915623226e+00 3.140749961421421e+00 6.930556660003999e-01 3.141592653589793e+00 6.247667590215420e-01 6.882342862621085e-01 -2.546565522633382e-04 5.922439129608797e-04 9.077818711938040e-01 27
6.297835240395332e+00 3.140617934942915e+00 6.930693988715100e-01 3.141592653589793e+00 6.227560770312700e-01 6.911567652591524e-01 -2.923820890299551e-04 6.792915128019212e-04 9.010341932847801e-01 26
6.297861827522206e+00 3.140784113030838e+00 6.930812768372767e-01 3.141592653589793e+00 6.207403725161117e-01 6.940319700195113e-01 -2.407602371873293e-04 5.588500160623993e-04 8.943971816597993e-01 26
6.297886639638903e+00 3.140635569686473e+00 6.930939298450913e-01 3.141592653589793e+00 6.187275560987568e-01 6.968590852566404e-01 -2.829311093440765e-04 6.562000239944549e-04 8.878801805554277e-01 25
6.297909639959927e+00 3.140792731204252e+00 6.931046521871954e-01 3.141592653589793e+00 6.167094162606593e-01 6.996425604805118e-01 -2.347732393104883e-04 5.441163398331034e-04 8.814633690854230e-01 25
6.297930792347883e+00 3.140623573221315e+00 6.931162884319642e-01 3.141592653589793e+00 6.146945115485398e-01 7.023814238153608e-01 -2.823997721250317e-04 6.540816336777361e-04 8.751574372468368e-01 24
6.297950061382539e+00 3.140776534379316e+00 6.931258695135748e-01 3.141592653589793e+00 6.126738452686756e-01 7.050798410161953e-01 -2.361461709821955e-04 5.466548996685659e-04 8.689423247375775e-01 24
6.297967412431262e+00 3.140905409111096e+00 6.931349794799074e-01 3.141592653589793e+00 6.106521718805140e-01 7.077378514134484e-01 -1.974631900130383e-04 4.568985751369830e-04 8.628224143166978e-01 24
6.297982811720444e+00 3.140733869476277e+00 6.931450045373535e-01 3.141592653589793e+00 6.086336446654059e-01 7.103558682640924e-01 -2.450395647469444e-04 5.667666122383015e-04 8.568008416295469e-01 23
6.297996226407244e+00 3.140863894835122e+00 6.931529910027648e-01 3.141592653589793e+00 6.066093274470000e-01 7.129373246856595e-01 -2.065041469231832e-04 4.774944446003515e-04 8.508591258142875e-01 23
6.298007624652807e+00 3.140660442903811e+00 6.931621379996380e-01 3.141592653589793e+00 6.045888438493390e-01 7.154812590932587e-01 -2.623495749573619e-04 6.064876252746395e-04 8.450098127011371e-01 22
6.298016975694213e+00 3.140795404129041e+00 6.931690011531416e-01 3.141592653589793e+00 6.025617859922332e-01 7.179910154256632e-01 -2.228405155446370e-04 5.150786371466891e-04 8.392328849054100e-01 22
6.298024249918565e+00 3.140910810891502e+00 6.931754072855270e-01 3.141592653589793e+00 6.005336408963122e-01 7.204664696861202e-01 -1.892941365813812e-04 4.375080337693567e-04 8.335343605098463e-01 22
6.298029418935349e+00 3.140692695712888e+00 6.931830976633786e-01 3.141592653589793e+00 5.985096328819232e-01 7.229077958583660e-01 -2.481728367200704e-04 5.735881438619101e-04 8.279195410007557e-01 21
6.298032455649281e+00 3.140816845547859e+00 6.931883840393664e-01 3.141592653589793e+00 5.964786313355086e-01 7.253178486442712e-01 -2.125076551918026e-04 4.911920250380746e-04 8.223684665534590e-01 21
6.298033334332110e+00 3.140923800683269e+00 6.931932173548866e-01 3.141592653589793e+00 5.944464960183309e-01 7.276965054246852e-01 -1.819935421042186e-04 4.207197541009474e-04 8.168878303230719e-01 21
6.298032030694193e+00 3.141015934310315e+00 6.931975919302149e-01 3.141592653589793e+00 5.924131921700231e-01 7.300446443685134e-01 -1.558873526078419e-04 3.604431135045689e-04 8.114752166888863e-01 21
6.298028521954511e+00 3.140800816546223e+00 6.932032576011096e-01 3.141592653589793e+00 5.903839685621723e-01 7.323625012312238e-01 -2.126307169576802e-04 4.917737351903071e-04 8.061361183886893e-01 20
6.298022786909383e+00 3.140904322342216e+00 6.932065201980254e-01 3.141592653589793e+00 5.883476916252590e-01 7.346521790750768e-01 -1.836274695064050e-04 4.248364886120229e-04 8.008519274445440e-01 20
6.298014805999710e+00 3.140994166802906e+00 6.932093292838224e-01 3.141592653589793e+00 5.863102142518619e-01 7.369136903249406e-01 -1.586202278304299e-04 3.671254348365897e-04 7.956293440006652e-01 20
6.298004561376207e+00 3.140744471254747e+00 6.932137419958307e-01 3.141592653589793e+00 5.842777080552625e-01 7.391472577592026e-01 -2.233464244925174e-04 5.171644906385446e-04 7.904752218383619e-01 19
6.297992036962587e+00 3.140849069440805e+00 6.932154312563819e-01 3.141592653589793e+00 5.822371454610685e-01 7.413546636102579e-01 -1.945398741629347e-04 4.506949398232117e-04 7.853691173230726e-01 19
6.297977218515632e+00 3.140940568912471e+00 6.932166739508495e-01 3.141592653589793e+00 5.801953618794735e-01 7.435359309752712e-01 -1.695052888487436e-04 3.929226174366647e-04 7.803191091464660e-01 19
6.297960093684002e+00 3.141020613743693e+00 6.932174657460826e-01 3.141592653589793e+00 5.781523315077316e-01 7.456916820339219e-01 -1.477466780711956e-04 3.427016034445313e-04 7.753234946885297e-01 19
6.297940652062130e+00 3.140749082023181e+00 6.932201042884748e-01 3.141592653589793e+00 5.761149456077799e-01 7.478222486356019e-01 -2.164941103356933e-04 5.025028666521131e-04 7.703900731356784e-01 18
6.297918885242433e+00 3.140846388853733e+00 6.932197755353637e-01 3.141592653589793e+00 5.740687267005696e-01 7.499288118909894e-01 -1.903047178622984e-04 4.420441147717342e-04 7.654975158641278e-01 18
6.297894786862742e+00 3.140932191667129e+00 6.932190056407952e-01 3.141592653589793e+00 5.720212553584029e-01 7.520115450173900e-01 -1.673581222206925e-04 3.890542006679960e-04 7.606547985028536e-01 18
6.297868352650767e+00 3.141007860556521e+00 6.932177913265974e-01 3.141592653589793e+00 5.699725108401668e-01 7.540709689982121e-01 -1.472492030103788e-04 3.425995700885604e-04 7.558605009683174e-01 18
6.297839580464066e+00 3.141074603116471e+00 6.932161300059759e-01 3.141592653589793e+00 5.679224748952567e-01 7.561075825182784e-01 -1.296234257576483e-04 3.018636647846721e-04 7.511132660184970e-01 18
6.297808470325832e+00 3.140791398260725e+00 6.932165141598520e-01 3.141592653589793e+00 5.658786186904367e-01 7.581219376549376e-01 -1.992332434057806e-04 4.644077325556863e-04 7.464215161948522e-01 17
6.297775024455623e+00 3.140876762425556e+00 6.932137442272781e-01 3.141592653589793e+00 5.638253243349668e-01 7.601144032082641e-01 -1.768943966520033e-04 4.127532707742091e-04 7.417636726017192e-01 17
6.297739247296414e+00 3.140952669857431e+00 6.932105410648659e-01 3.141592653589793e+00 5.617707509492800e-01 7.620854218605195e-01 -1.571519772761048e-04 3.670769062179475e-04 7.371492448850915e-01 17
6.297701145535562e+00 3.141020184391124e+00 6.932069031309660e-01 3.141592653589793e+00 5.597148847826900e-01 7.640354178645411e-01 -1.396992583278471e-04 3.266733798633701e-04 7.325770848569422e-01 17
6.297660728121389e+00 3.141080250200767e+00 6.932028295367548e-01 3.141592653589793e+00 5.576577143470534e-01 7.659647988714963e-01 -1.242658675744918e-04 2.909211694027553e-04 7.280460916964913e-01 17
6.297618006273655e+00 3.141133705023599e+00 6.931983200194283e-01 3.141592653589793e+00 5.555992303170783e-01 7.678739569062679e-01 -1.106135165719509e-04 2.592725992817029e-04 7.235552093425728e-01 17
6.297572993489755e+00 3.140842600381539e+00 6.931960657750472e-01 3.141592653589793e+00 5.535474927257569e-01 7.697637659547827e-01 -1.796626184629028e-04 4.216434529768108e-04 7.191133714713021e-01 16
6.297525705544358e+00 3.140915053116385e+00 6.931904802037626e-01 3.141592653589793e+00 5.514857431903287e-01 7.716336212285253e-01 -1.613075097287614e-04 3.790610363114495e-04 7.146988763487409e-01 16
6.297476160483624e+00 3.140980065027533e+00 6.931844777309581e-01 3.141592653589793e+00 5.494227132746665e-01 7.734843365704986e-01 -1.449340510180254e-04 3.410454749194474e-04 7.103216417821896e-01 16
6.297424378614325e+00 3.141038421339495e+00 6.931780590995918e-01 3.141592653589793e+00 5.473583976129013e-01 7.753162512170351e-01 -1.303224070615170e-04 3.070919373931956e-04 7.059807616991615e-01 16
6.297370382486227e+00 3.141090823738206e+00 6.931712256472660e-01 3.141592653589793e+00 5.452927928358132e-01 7.771296925105886e-01 -1.172773943411042e-04 2.767521736577408e-04 7.016753646581451e-01 16
6.297314196869526e+00 3.141137899226141e+00 6.931639792810382e-01 3.141592653589793e+00 5.432258974824997e-01 7.789249765536663e-01 -1.056257138371418e-04 2.496281505128244e-04 6.974046120832292e-01 16
6.297255848726038e+00 3.140808420330392e+00 6.931595100369095e-01 3.141592653589793e+00 5.411672577673822e-01 7.807034369289469e-01 -1.810465259247544e-04 4.285214631552731e-04 6.931789391293693e-01 15
6.297195367175109e+00 3.140875929509853e+00 6.931512280944893e-01 3.141592653589793e+00 5.390971305605603e-01 7.824633108247111e-01 -1.644519360951419e-04 3.898593716042311e-04 6.889742419733740e-01 15
6.297132783453612e+00 3.140937075762648e+00 6.931425580995777e-01 3.141592653589793e+00 5.370257670746145e-01 7.842059087952689e-01 -1.495054196558939e-04 3.550027311648284e-04 6.848019225266797e-01 15
6.297068130870350e+00 3.140992483810479e+00 6.931335028502035e-01 3.141592653589793e+00 5.349531691852359e-01 7.859315086653582e-01 -1.360366208932506e-04 3.235603999401748e-04 6.806612526295217e-01 15
6.297001444755494e+00 3.141042715954594e+00 6.931240656762359e-01 3.141592653589793e+00 5.328793405156133e-01 7.876403795455229e-01 -1.238931413707193e-04 2.951823624231585e-04 6.765515300929852e-01 15
6.296932762404158e+00 3.141088278322699e+00 6.931142504141294e-01 3.141592653589793e+00 5.308042863518601e-01 7.893327822838604e-01 -1.129386348521866e-04 2.695553571775860e-04 6.724720774586527e-01 15
6.296862123015551e+00 3.141129626475812e+00 6.931040613822604e-01 3.141592653589793e+00 5.287280135609208e-01 7.910089698879313e-01 -1.030511044977861e-04 2.463989874792441e-04 6.684222408301416e-01 15
6.296789567626382e+00 3.141167170498529e+00 6.930935033570983e-01 3.141592653589793e+00 5.266505305114250e-01 7.926691879194634e-01 -9.412139021606862e-05 2.254622436797197e-04 6.644013887721770e-01 15
6.296715139040860e+00 3.140808792066532e+00 6.930862537498016e-01 3.141592653589793e+00 5.245828275945557e-01 7.943154687954171e-01 -1.723543361794630e-04 4.136329375613009e-04 6.604211763603914e-01 14
6.296638881755134e+00 3.140866454105776e+00 6.930747582404186e-01 3.141592653589793e+00 5.225023081141124e-01 7.959444212704530e-01 -1.587090227976806e-04 3.816195832005700e-04 6.564556941220155e-01 14
6.296560841878664e+00 3.140919228685159e+00 6.930629250310292e-01 3.141592653589793e+00 5.204206551731662e-01 7.975580974998071e-01 -1.462848466448791e-04 3.524377984238268e-04 6.525174846174547e-01 14
6.296481067050468e+00 3.140967555920475e+00 6.930507595173090e-01 3.141592653589793e+00 5.183378794232405e-01 7.991567173235617e-01 -1.349658759807922e-04 3.258209982731353e-04 6.486059920568246e-01 14
6.296399606353226e+00 3.141011835014762e+00 6.930382675004807e-01 3.141592653589793e+00 5.162539928308101e-01 8.007404946747578e-01 -1.246475513018078e-04 3.015286136365007e-04 6.447206787708383e-01 14
6.296316510223451e+00 3.141052428040844e+00 6.930254551627720e-01 3.141592653589793e+00 5.141690085982252e-01 8.023096378580107e-01 -1.152355672066083e-04 2.793435406142626e-04 6.408610244052800e-01 14
6.296231830358923e+00 3.141089663525078e+00 6.930123290416806e-01 3.141592653589793e+00 5.120829410814023e-01 8.038643498094193e-01 -1.066448308393773e-04 2.590697640582433e-04 6.370265251523544e-01 14
6.296145619623248e+00 3.141123839440727e+00 6.929988960072102e-01 3.141592653589793e+00 5.099958057167225e-01 8.054048283413734e-01 -9.879857958082730e-05 2.405303393070810e-04 6.332166930299347e-01 14
6.296057931949633e+00 3.141155226284733e+00 6.929851632358931e-01 3.141592653589793e+00 5.079076189386122e-01 8.069312663697953e-01 -9.162750870373056e-05 2.235654052367628e-04 6.294310551861929e-01 14
6.295968822240661e+00 3.141184069473759e+00 6.929711381890916e-01 3.141592653589793e+00 5.058183981101996e-01 8.084438521292847e-01 -8.506906638221950e-05 2.080305798437092e-04 6.256691532516508e-01 14
6.295878346268998e+00 3.141210591858269e+00 6.929568285889304e-01 3.141592653589793e+00 5.037281614471372e-01 8.099427693731553e-01 -7.906676420012921e-05 1.937953697247023e-04 6.219305427150342e-01 14
6.295786560575081e+00 3.141234995734754e+00 6.929422423960265e-01 3.141592653589793e+00 5.016369279470345e-01 8.114281975617561e-01 -7.356957865055315e-05 1.807418274829648e-04 6.182147923344208e-01 14
6.295693522365593e+00 3.140874377616968e+00 6.929313569240937e-01 3.141592653589793e+00 4.995565569160326e-01 8.129031191252596e-01 -1.468614552388656e-04 3.616465834333235e-04 6.145338750104031e-01 13
6.295599289410587e+00 3.140915354483739e+00 6.929160586689682e-01 3.141592653589793e+00 4.974628392763144e-01 8.143620268400630e-01 -1.376465990560278e-04 3.397717914228847e-04 6.108619706129572e-01 13
6.295503919941297e+00 3.140953326727851e+00 6.929005199120924e-01 3.141592653589793e+00 4.953682188049081e-01 8.158079607981562e-01 -1.291444627624242e-04 3.195653665444831e-04 6.072117475418610e-01 13
6.295407472548133e+00 3.140988534675010e+00 6.928847486621518e-01 3.141592653589793e+00 4.932727148682390e-01 8.172410851398467e-01 -1.212948382846008e-04 3.008881130739469e-04 6.035828194903526e-01 13
6.295310006079233e+00 3.141021198257400e+00 6.928687531028865e-01 3.141592653589793e+00 4.911763474096680e-01 8.186615604554967e-01 -1.140428979867501e-04 2.836131729508291e-04 5.999748110712727e-01 13
6.295211579540087e+00 3.141051518777502e+00 6.928525415715001e-01 3.141592653589793e+00 4.890791368819358e-01 8.200695439188087e-01 -1.073387063906637e-04 2.676249088155100e-04 5.963873573676403e-01 13
6.295112251995058e+00 3.141079680528953e+00 6.928361225371723e-01 3.141592653589793e+00 4.869811041800816e-01 8.214651894113009e-01 -1.011367650327838e-04 2.528178772149770e-04 5.928201035029762e-01 13
6.295012082470087e+00 3.141105852279223e+00 6.928195045804831e-01 3.141592653589793e+00 4.848822705773398e-01 8.228486476390550e-01 -9.539560949484551e-05 2.390958950781695e-04 5.892727042328886e-01 13
6.294911129857303e+00 3.141130188645277e+00 6.928026963730437e-01 3.141592653589793e+00 4.827826576616207e-01 8.242200662418920e-01 -9.007743083461108e-05 2.263711839905680e-04 5.857448235541974e-01 13
6.294809452822300e+00 3.141152831306383e+00 6.927857066583584e-01 3.141592653589793e+00 4.806822872759878e-01 8.255795898960311e-01 -8.514774403138668e-05 2.145636154221413e-04 5.822361343343220e-01 13
6.294707109713926e+00 3.141173910150947e+00 6.927685442328256e-01 3.141592653589793e+00 4.785811814596180e-01 8.269273604099661e-01 -8.057507920067493e-05 2.035999942129130e-04 5.787463179562301e-01 13
6.294604158475813e+00 3.141193544272928e+00 6.927512179282925e-01 3.141592653589793e+00 4.764793623935026e-01 8.282635168151465e-01 -7.633071282052754e-05 1.934134576570077e-04 5.752750639823934e-01 13
6.294500656562808e+00 3.141211842942927e+00 6.927337365941888e-01 3.141592653589793e+00 4.743768523450804e-01 8.295881954501215e-01 -7.238840660297313e-05 1.839428734099306e-04 5.718220698311159e-01 13
6.294396660858183e+00 3.141228906411795e+00 6.927161090817111e-01 3.141592653589793e+00 4.722736736190840e-01 8.309015300407080e-01 -6.872419490653778e-05 1.751323444264281e-04 5.683870404717112e-01 13
6.294292227596211e+00 3.141244826758981e+00 6.926983442274431e-01 3.141592653589793e+00 4.701698485067837e-01 8.322036517742722e-01 -6.531616410136005e-05 1.669307247452946e-04 5.649696881299415e-01 13
6.294187412287029e+00 3.141259688534300e+00 6.926804508387016e-01 3.141592653589793e+00 4.680653992405598e-01 8.334946893703924e-01 -6.214427735215793e-05 1.592911923071548e-04 5.615697320100412e-01 13
6.294082269645589e+00 3.141273569417892e+00 6.926624376791946e-01 3.141592653589793e+00 4.659603479494962e-01 8.347747691470420e-01 -5.919020045143256e-05 1.521708725603925e-04 5.581868980282930e-01 13
6.293976853524050e+00 3.140888152128936e+00 6.926488328180190e-01 3.141592653589793e+00 4.638681405271697e-01 8.360483989940820e-01 -1.298925717466402e-04 3.349333131831848e-04 5.548340234607683e-01 12
6.293871216848399e+00 3.140913835451738e+00 6.926304681004350e-01 3.141592653589793e+00 4.617615369581917e-01 8.373068620428373e-01 -1.243916683736913e-04 3.217280171648628e-04 5.514841904093732e-01 12
6.293765411558277e+00 3.140937945425139e+00 6.926120167331365e-01 3.141592653589793e+00 4.596544183421908e-01 8.385547350432511e-01 -1.192388618242674e-04 3.093534493336442e-04 5.481507196206215e-01 12
6.293659488551705e+00 3.140960587130380e+00 6.925934867803959e-01 3.141592653589793e+00 4.575468048051135e-01 8.397921352789538e-01 -1.144093862596412e-04 2.977517509705398e-04 5.448333599689346e-01 12
6.293553497632671e+00 3.140981857837656e+00 6.925748862257373e-01 3.141592653589793e+00 4.554387162528094e-01 8.410191779035425e-01 -1.098804059098163e-04 2.868695200697012e-04 5.415318659757185e-01 12
6.293447487463892e+00 3.141001847632362e+00 6.925562229608750e-01 3.141592653589793e+00 4.533301723369612e-01 8.422359759891184e-01 -1.056308543148162e-04 2.766574546906606e-04 5.382459976029982e-01 12
6.293341505522061e+00 3.141020639947357e+00 6.925375047757802e-01 3.141592653589793e+00 4.512211924244004e-01 8.434426405727049e-01 -1.016412970793073e-04 2.670700298690216e-04 5.349755200575027e-01 12
6.293235598058875e+00 3.141038312126643e+00 6.925187393483455e-01 3.141592653589793e+00 4.491117955654064e-01 8.446392806990858e-01 -9.789378569137822e-05 2.580651643889252e-04 5.317202036006572e-01 12
6.293129810064412e+00 3.141054935836337e+00 6.924999342364526e-01 3.141592653589793e+00 4.470020004691646e-01 8.458260034632696e-01 -9.437174911949278e-05 2.496039779590125e-04 5.284798233718666e-01 12
6.293024185235246e+00 3.141070577580598e+00 6.924810968688104e-01 3.141592653589793e+00 4.448918254757572e-01 8.470029140488787e-01 -9.105986703865300e-05 2.416504901702572e-04 5.252541592146422e-01 12
6.292918765946018e+00 3.141085299052225e+00 6.924622345382863e-01 3.141592653589793e+00 4.427812885355539e-01 8.481701157666762e-01 -8.794397843652803e-05 2.341714146920021e-04 5.220429955155282e-01 12
6.292813593224906e+00 3.141099157518813e+00 6.924433543949390e-01 3.141592653589793e+00 4.406704071879183e-01 8.493277100903363e-01 -8.501098254646840e-05 2.271359382391659e-04 5.188461210479032e-01 12
6.292708706733015e+00 3.141112206153672e+00 6.924244634400920e-01 3.141592653589793e+00 4.385591985430078e-01 8.504757966911499e-01 -8.224875701643179e-05 2.205155192073946e-04 5.156633288238573e-01 12
6.292604144746467e+00 3.141124494390985e+00 6.924055685205602e-01 3.141592653589793e+00 4.364476792641935e-01 8.516144734707561e-01 -7.964607112911893e-05 2.142836983601783e-04 5.124944159516168e-01 12
6.292499944142850e+00 3.141136068143927e+00 6.923866763247868e-01 3.141592653589793e+00 4.343358655561656e-01 8.527438365941016e-01 -7.719252787163813e-05 2.084159628368415e-04 5.093391835029475e-01 12
6.292396140390586e+00 3.141146970125545e+00 6.923677933777983e-01 3.141592653589793e+00 4.322237731497024e-01 8.538639805191897e-01 -7.487848420949944e-05 2.028895588687249e-04 5.061974363818782e-01 12
6.292292767541491e+00 3.141157240057972e+00 6.923489260383200e-01 3.141592653589793e+00 4.301114172928755e-01 8.549749980276089e-01 -7.269500001538760e-05 1.976833774852992e-04 5.030689832036389e-01 12
6.292189858226745e+00 3.141166914915103e+00 6.923300804955942e-01 3.141592653589793e+00 4.279988127414756e-01 8.560769802531303e-01 -7.063377933292964e-05 1.927778173841805e-04 4.999536361768498e-01 12
6.292087443655052e+00 3.141176029154217e+00 6.923112627667304e-01 3.141592653589793e+00 4.258859737511391e-01 8.571700167093961e-01 -6.868711669625356e-05 1.881546586458534e-04 4.968512109911155e-01 12
6.291985553614749e+00 3.141184614830103e+00 6.922924786955572e-01 3.141592653589793e+00 4.237729140739591e-01 8.582541953180360e-01 -6.684786057244803e-05 1.837969832635452e-04 4.937615267123630e-01 12
6.291884216477516e+00 3.141192701838754e+00 6.922737339504621e-01 3.141592653589793e+00 4.216596469521973e-01 8.593296024342720e-01 -6.510935975305877e-05 1.796890479444672e-04 4.906844056789142e-01 12
6.291783459205180e+00 3.141200318063862e+00 6.922550340238697e-01 3.141592653589793e+00 4.195461851169802e-01 8.603963228732492e-01 -6.346543063410733e-05 1.758162071512021e-04 4.876196734054790e-01 12
6.291683307358941e+00 3.141207489488678e+00 6.922363842317956e-01 3.141592653589793e+00 4.174325407872442e-01 8.614544399353762e-01 -6.191032120413803e-05 1.721648302476222e-04 4.845671584904466e-01 12
6.291583785110556e+00 3.141214240385513e+00 6.922177897135189e-01 3.141592653589793e+00 4.153187256691176e-01 8.625040354307538e-01 -6.043867334343950e-05 1.687222175881381e-04 4.815266925265470e-01 12
6.291484915255927e+00 3.141220593419638e+00 6.921992554322156e-01 3.141592653589793e+00 4.132047509583023e-01 8.635451897037782e-01 -5.904549854791842e-05 1.654765359320057e-04 4.784981100171483e-01 12
6.291386719230422e+00 3.141226569753761e+00 6.921807861755667e-01 3.141592653589793e+00 4.110906273423603e-01 8.645779816568598e-01 -5.772614724542215e-05 1.624167515024795e-04 4.754812482951061e-01 12
6.291289217125961e+00 3.141232189173756e+00 6.921623865569232e-01 3.141592653589793e+00 4.089763650047905e-01 8.656024887739681e-01 -5.647628151108156e-05 1.595325803381469e-04 4.724759474458699e-01 12
6.291192427710068e+00 3.141237470169365e+00 6.921440610165390e-01 3.141592653589793e+00 4.068619736294151e-01 8.666187871434528e-01 -5.529185673680678e-05 1.568144119088915e-04 4.694820502333589e-01 12
6.291096368446356e+00 3.141242430036764e+00 6.921258138235070e-01 3.141592653589793e+00 4.047474624067594e-01 8.676269514811266e-01 -5.416909493597116e-05 1.542532813514665e-04 4.664994020299324e-01 12
6.291001055516140e+00 3.141247084995547e+00 6.921076490774931e-01 3.141592653589793e+00 4.026328400402300e-01 8.686270551522401e-01 -5.310446646144130e-05 1.518408074094083e-04 4.635278507486016e-01 12
6.290906503842033e+00 3.141251450193808e+00 6.920895707112286e-01 3.141592653589793e+00 4.005181147542453e-01 8.696191701939953e-01 -5.209467282865339e-05 1.495691581600753e-04 4.605672467790022e-01 12
6.290812727111519e+00 3.141255539838228e+00 6.920715824928684e-01 3.141592653589793e+00 3.984032943022959e-01 8.706033673371746e-01 -5.113662889637207e-05 1.474310071526326e-04 4.576174429255042e-01 12
6.290719737802701e+00 3.141259367247503e+00 6.920536880287197e-01 3.141592653589793e+00 3.962883859761109e-01 8.715797160277392e-01 -5.022744702125478e-05 1.454194982112920e-04 4.546782943482915e-01 12
6.290627547210682e+00 3.141262944915500e+00 6.920358907661892e-01 3.141592653589793e+00 3.941733966154928e-01 8.725482844482383e-01 -4.936442210571744e-05 1.435282144038813e-04 4.517496585069370e-01 12
6.290536165473823e+00 3.141266284560070e+00 6.920181939968681e-01 3.141592653589793e+00 3.920583326187241e-01 8.735091395388843e-01 -4.854502173323142e-05 1.417511402941546e-04 4.488313951063810e-01 12
6.290445601602268e+00 3.141269397189944e+00 6.920006008597612e-01 3.141592653589793e+00 3.899431999534092e-01 8.744623470184135e-01 -4.776686935709996e-05 1.400826408321726e-04 4.459233660450436e-01 12
6.290355863505627e+00 3.141272293118904e+00 6.919831143447209e-01 3.141592653589793e+00 3.878280041680265e-01 8.754079714048005e-01 -4.702773689836681e-05 1.385174281907729e-04 4.430254353652995e-01 12
6.290266958021860e+00 3.141274982064583e+00 6.919657372959634e-01 3.141592653589793e+00 3.857127504037258e-01 8.763460760357354e-01 -4.632553085395899e-05 1.370505436335540e-04 4.401374692057822e-01 12
6.290178890946535e+00 3.141277473162016e+00 6.919484724157189e-01 3.141592653589793e+00 3.835974434067831e-01 8.772767230888424e-01 -4.565828538979715e-05 1.356773304500260e-04 4.372593357559559e-01 12
6.290091667061965e+00 3.141279774992230e+00 6.919313222680046e-01 3.141592653589793e+00 3.814820875412367e-01 8.781999736018545e-01 -4.502415329886677e-05 1.343934136616641e-04 4.343909052122538e-01 12
6.290005290167045e+00 3.141281895642690e+00 6.919142892823574e-01 3.141592653589793e+00 3.793666868016883e-01 8.791158874923213e-01 -4.442139585239448e-05 1.331946800368121e-04 4.315320497359437e-01 12
6.289919763106674e+00 3.141283855578897e+00 6.918973756068776e-01 3.141592653589793e+00 3.772512443869240e-01 8.800245233549555e-01 -4.384655190476337e-05 1.320717678083361e-04 4.286826430220618e-01 12
6.289835087801980e+00 3.141285688136314e+00 6.918805831075239e-01 3.141592653589793e+00 3.751357627014503e-01 8.809259384661116e-01 -4.329442690658228e-05 1.310099024955423e-04 4.258425602527344e-01 12
6.289751265279654e+00 3.141287373541720e+00 6.918639141470851e-01 3.141592653589793e+00 3.730202456261248e-01 8.818201899537370e-01 -4.276739721488423e-05 1.300170703059751e-04 4.230116800628062e-01 12
6.289668295701857e+00 3.141288873477108e+00 6.918473711807785e-01 3.141592653589793e+00 3.709046973377743e-01 8.827073342344604e-01 -4.227034855813425e-05 1.291090710951797e-04 4.201898834362364e-01 12
6.289586178395680e+00 3.141290192965281e+00 6.918309560355407e-01 3.141592653589793e+00 3.687891202149484e-01 8.835874259443023e-01 -4.180203127157264e-05 1.282831946934080e-04 4.173770518048287e-01 12
6.289504911882410e+00 3.141291341729572e+00 6.918146703691804e-01 3.141592653589793e+00 3.666735161788638e-01 8.844605186250891e-01 -4.136057963800843e-05 1.275347736495172e-04 4.145730681952347e-01 12
6.289424493906932e+00 3.141292328525453e+00 6.917985157410291e-01 3.141592653589793e+00 3.645578869013993e-01 8.853266648423067e-01 -4.094429579396723e-05 1.268596068409482e-04 4.117778173688654e-01 12
6.289344921465801e+00 3.141293161265130e+00 6.917824936144362e-01 3.141592653589793e+00 3.624422338148287e-01 8.861859162014160e-01 -4.055163346990609e-05 1.262538739638264e-04 4.089911857870809e-01 12
6.289266190836426e+00 3.141294423146600e+00 6.917665986686118e-01 3.141592653589793e+00 3.603265387420834e-01 8.870383129385142e-01 -4.010371481747831e-05 1.254717569339672e-04 4.062130445262697e-01 12
6.289188297604598e+00 3.141295437491795e+00 6.917508401412770e-01 3.141592653589793e+00 3.582108257476033e-01 8.878839170637779e-01 -3.969208633572288e-05 1.247984039249904e-04 4.034433036907498e-01 12
6.289111236692304e+00 3.141296239617507e+00 6.917352188819310e-01 3.141592653589793e+00 3.560950946095338e-01 8.887227768997944e-01 -3.931135587143452e-05 1.242183400143471e-04 4.006818537593225e-01 12
6.289035002385005e+00 3.141296854252678e+00 6.917197357753587e-01 3.141592653589793e+00 3.539793452594366e-01 8.895549400502546e-01 -3.895765782952008e-05 1.237206359597778e-04 3.979285870972428e-01 12
6.288959588357995e+00 3.141297299628300e+00 6.917043916985574e-01 3.141592653589793e+00 3.518635776594082e-01 8.903804533485132e-01 -3.862807827076419e-05 1.232971881219699e-04 3.951833978086535e-01 12
6.288884987702841e+00 3.141297589790591e+00 6.916891874962792e-01 3.141592653589793e+00 3.497477917338628e-01 8.911993628329171e-01 -3.832030902126398e-05 1.229416827001955e-04 3.924461816387884e-01 12
6.288811192952908e+00 3.141297736062680e+00 6.916741239691119e-01 3.141592653589793e+00 3.476319873374520e-01 8.920117137407370e-01 -3.803245319302338e-05 1.226490128601490e-04 3.897168359090050e-01 12
6.288738196108643e+00 3.141297747780160e+00 6.916592018677348e-01 3.141592653589793e+00 3.455161642416159e-01 8.928175505108238e-01 -3.776291012801960e-05 1.224149257178838e-04 3.869952594695139e-01 12
6.288665988661968e+00 3.141297632840482e+00 6.916444218907005e-01 3.141592653589793e+00 3.434003221309767e-01 8.936169167915445e-01 -3.751029732182920e-05 1.222358024345433e-04 3.842813526615241e-01 12
6.288594561620140e+00 3.141297398076004e+00 6.916297846840870e-01 3.141592653589793e+00 3.412844606055966e-01 8.944098554511849e-01 -3.727340034491628e-05 1.221085086379240e-04 3.815750172856005e-01 12
6.288523905529610e+00 3.141297049430010e+00 6.916152908424215e-01 3.141592653589793e+00 3.391685791868000e-01 8.951964085901949e-01 -3.705114049587423e-05 1.220302871915799e-04 3.788761565739301e-01 12
6.288454010498227e+00 3.141296694235552e+00 6.916009397486538e-01 3.141592653589793e+00 3.370526739948395e-01 8.959766156155292e-01 -3.682984476318925e-05 1.219566363538961e-04 3.761846722658524e-01 12
6.288384866217987e+00 3.141297244135576e+00 6.915867216056943e-01 3.141592653589793e+00 3.349367149474972e-01 8.967504998170296e-01 -3.649685622558155e-05 1.215125321231796e-04 3.735004447513676e-01 12
6.288316461986221e+00 3.141297318346960e+00 6.915726526350902e-01 3.141592653589793e+00 3.328207466075527e-01 8.975181273647348e-01 -3.622395526833464e-05 1.212668918417802e-04 3.708234207948582e-01 12
6.288248786726962e+00 3.141297116340223e+00 6.915587310061816e-01 3.141592653589793e+00 3.307047618368119e-01 8.982795337481916e-01 -3.598556994213698e-05 1.211368920112845e-04 3.681535035065554e-01 12
6.288181829010988e+00 3.141296713220467e+00 6.915449562656792e-01 3.141592653589793e+00 3.285887575424651e-01 8.990347560914671e-01 -3.577187303465540e-05 1.210911749318022e-04 3.654906008743632e-01 12
6.288115577076044e+00 3.141296147837445e+00 6.915313283348096e-01 3.141592653589793e+00 3.264727317996338e-01 8.997838315094986e-01 -3.557766378337534e-05 1.211134386153230e-04 3.628346232261167e-01 12
6.288050018845654e+00 3.141295443776996e+00 6.915178472711092e-01 3.141592653589793e+00 3.243566831705941e-01 9.005267967261240e-01 -3.539969580056005e-05 1.211936980639538e-04 3.601854826081541e-01 12
6.287985141947981e+00 3.141294616960055e+00 6.915045131854893e-01 3.141592653589793e+00 3.222406104702192e-01 9.012636879476221e-01 -3.523571621121002e-05 1.213251834643616e-04 3.575430925538041e-01 12
6.287920933733965e+00 3.141293678859711e+00 6.914913262073750e-01 3.141592653589793e+00 3.201245126696081e-01 9.019945408151380e-01 -3.508404911468205e-05 1.215029612636485e-04 3.549073679730853e-01 12
6.287857381294598e+00 3.141292638262653e+00 6.914782864684188e-01 3.141592653589793e+00 3.180083888534236e-01 9.027193903873660e-01 -3.494337790832779e-05 1.217232488250595e-04 3.522782250900156e-01 12
6.287794471477732e+00 3.141291502092216e+00 6.914653940947274e-01 3.141592653589793e+00 3.158922382015723e-01 9.034382711371490e-01 -3.481263072336433e-05 1.219830254005790e-04 3.496555814017175e-01 12
6.287732190904884e+00 3.141290276032300e+00 6.914526492032113e-01 3.141592653589793e+00 3.137760599829658e-01 9.041512169546617e-01 -3.469090439487678e-05 1.222798092627109e-04 3.470393556487386e-01 12
6.287670525986376e+00 3.139798785148513e+00 6.914565823205775e-01 3.141592653589793e+00 3.117066164086714e-01 9.048875916840862e-01 -2.042850502705154e-04 7.242623687106608e-04 3.444698229009640e-01 10
6.287609462937212e+00 3.139794175745930e+00 6.914441296930098e-01 3.141592653589793e+00 3.095903110368204e-01 9.055889157056737e-01 -2.032509096558223e-04 7.249599725633353e-04 3.418661142145282e-01 10
6.287548987791620e+00 3.139789076670683e+00 6.914318290505270e-01 3.141592653589793e+00 3.074739872426750e-01 9.062844099256335e-01 -2.022676852471515e-04 7.258612373960025e-04 3.392685972051896e-01 10
6.287489086416911e+00 3.139783527678676e+00 6.914196800496566e-01 3.141592653589793e+00 3.053576434360521e-01 9.069741053587038e-01 -2.013296659545572e-04 7.269492269475104e-04 3.366771942831154e-01 10
