-1.697400000000000e+00 -5.870394676456550e+02 1.154404179282350e-02
-1.695400000000000e+00 -5.744689564146373e+02 9.875387920250094e-03
-1.693400000000000e+00 -5.617473067101738e+02 9.142618264411394e-03
-1.691400000000000e+00 -5.488765378482652e+02 8.663372271379500e-03
-1.689400000000000e+00 -5.358588166976612e+02 8.299406211010520e-03
-1.687400000000000e+00 -5.226964614878586e+02 8.000443062633204e-03
-1.685400000000000e+00 -5.093919452233882e+02 7.742825875528857e-03
-1.683400000000000e+00 -4.959478987136142e+02 7.513608183638834e-03
-1.681400000000000e+00 -4.823671132619516e+02 7.304956026105388e-03
-1.679400000000000e+00 -4.686525430509257e+02 7.111775172668420e-03
-1.677400000000000e+00 -4.699362829174778e+02 6.930568364591960e-03
-1.675400000000000e+00 -4.560034909716418e+02 6.758830803463745e-03
-1.673400000000000e+00 -4.419451964904688e+02 6.594706445559530e-03
-1.671400000000000e+00 -4.430086244953010e+02 6.436781051301507e-03
-1.669400000000000e+00 -4.287452083950682e+02 6.283951618437117e-03
-1.667400000000000e+00 -4.143658489912875e+02 6.135340744983148e-03
-1.665400000000000e+00 -4.152179645462249e+02 5.990238590715519e-03
-1.663400000000000e+00 -4.006487965703217e+02 5.848062421847018e-03
-1.661400000000000e+00 -4.013755319219683e+02 5.708327720680625e-03
-1.659400000000000e+00 -3.866267851812449e+02 5.570627111555995e-03
-1.657400000000000e+00 -3.872314508743207e+02 5.434614698119964e-03
-1.655400000000000e+00 -3.723142544724504e+02 5.299994228759456e-03
-1.653400000000000e+00 -3.728007523294999e+02 5.166510021015093e-03
-1.651400000000000e+00 -3.732389124097728e+02 5.033939908961589e-03
-1.649400000000000e+00 -3.580999632639759e+02 4.902089697129646e-03
-1.647400000000000e+00 -3.584248646328390e+02 4.770788750859352e-03
-1.645400000000000e+00 -3.431470994870536e+02 4.639886456900485e-03
-1.643400000000000e+00 -3.433640733078896e+02 4.509249355548874e-03
-1.641400000000000e+00 -3.435330783180698e+02 4.378758798775896e-03
-1.639400000000000e+00 -3.280766181953406e+02 4.248309023354865e-03
-1.637400000000000e+00 -3.281445818451165e+02 4.117805553383779e-03
-1.635400000000000e+00 -3.281649708743198e+02 3.987163869283172e-03
-1.633400000000000e+00 -3.281372518488446e+02 3.856308289912262e-03
-1.631400000000000e+00 -3.124850296806324e+02 3.725171030691958e-03
-1.629400000000000e+00 -3.123656572348109e+02 3.593691404147247e-03
-1.627400000000000e+00 -3.121991362411584e+02 3.461815138799446e-03
-1.625400000000000e+00 -2.964343315240503e+02 3.329493796424150e-03
-1.623400000000000e+00 -2.961855849556131e+02 3.196684270206646e-03
-1.621400000000000e+00 -2.958910884609145e+02 3.063348351717535e-03
-1.619400000000000e+00 -2.955505968953998e+02 2.929452355081098e-03
-1.617400000000000e+00 -2.796802012583339e+02 2.794966789397602e-03
-1.615400000000000e+00 -2.792699924083225e+02 2.659866072345829e-03
-1.613400000000000e+00 -2.788157346563826e+02 2.524128277915192e-03
-1.611400000000000e+00 -2.783173481490531e+02 2.387734914116371e-03
-1.609400000000000e+00 -2.777747931765486e+02 2.250670725178979e-03
-1.607400000000000e+00 -2.618430739933004e+02 2.112923515465274e-03
-1.605400000000000e+00 -2.612473339896741e+02 1.974483990965593e-03
-1.603400000000000e+00 -2.606099989026571e+02 1.835345616845184e-03
-1.601400000000000e+00 -2.599311886103351e+02 1.695504487032838e-03
-1.599400000000000e+00 -2.592110632524429e+02 1.554959206220492e-03
-1.597400000000000e+00 -2.584498234421301e+02 1.413710779505411e-03
-1.595400000000000e+00 -2.425498137160829e+02 1.271762511711983e-03
-1.593400000000000e+00 -2.417567404350742e+02 1.129119911701815e-03
-1.591400000000000e+00 -2.409257654940255e+02 9.857906028880098e-04
-1.589400000000000e+00 -2.400572301839005e+02 8.417842378113766e-04
-1.587400000000000e+00 -2.391515134132271e+02 6.971124165245256e-04
-1.585400000000000e+00 -2.382090313271819e+02 5.517886080937311e-04
-1.583400000000000e+00 -2.224651276979913e+02 4.058280732463229e-04
-1.581400000000000e+00 -2.215139857734129e+02 2.592477897688059e-04
-1.579400000000000e+00 -2.205297502692699e+02 1.120663787916414e-04
-1.577400000000000e+00 -2.195129456777636e+02 -3.569596892465121e-05
-1.575400000000000e+00 -2.184641282761304e+02 -1.840175650939382e-04
-1.573400000000000e+00 -2.173838852386970e+02 -3.328752968988100e-04
-1.571400000000000e+00 -2.162728336834321e+02 -4.822446996062763e-04
-1.569400000000000e+00 -2.151316196348778e+02 -6.321000295225658e-04
-1.567400000000000e+00 -1.997631983912471e+02 -7.824143376765986e-04
-1.565400000000000e+00 -1.986437367372384e+02 -9.331595439049860e-04
-1.563400000000000e+00 -1.974980825477939e+02 -1.084306511137290e-03
-1.561400000000000e+00 -1.963269357543587e+02 -1.235825121779253e-03
-1.559400000000000e+00 -1.951310174705508e+02 -1.387684352622444e-03
-1.557400000000000e+00 -1.939110686858565e+02 -1.539852352611299e-03
-1.555400000000000e+00 -1.926678488971292e+02 -1.692296519827748e-03
-1.553400000000000e+00 -1.914021347227907e+02 -1.844983579303212e-03
-1.551400000000000e+00 -1.901147184722884e+02 -1.997879661983664e-03
-1.549400000000000e+00 -1.888064066905488e+02 -2.150950383092817e-03
-1.547400000000000e+00 -1.874780186908372e+02 -2.304160921055447e-03
-1.545400000000000e+00 -1.861303850603331e+02 -2.457476097144684e-03
-1.543400000000000e+00 -1.716386702326392e+02 -2.610860453804413e-03
-1.541400000000000e+00 -1.703539648505975e+02 -2.764278334137896e-03
-1.539400000000000e+00 -1.690537504052405e+02 -2.917693959731120e-03
-1.537400000000000e+00 -1.677388261244014e+02 -3.071071508651722e-03
-1.535400000000000e+00 -1.664099947345128e+02 -3.224375192355428e-03
-1.533400000000000e+00 -1.650680611165736e+02 -3.377569331621188e-03
-1.531400000000000e+00 -1.637138309398662e+02 -3.530618431317171e-03
-1.529400000000000e+00 -1.623481093454639e+02 -3.683487253934209e-03
-1.527400000000000e+00 -1.609716996525367e+02 -3.836140891179848e-03
-1.525400000000000e+00 -1.595854020822068e+02 -3.988544834466245e-03
-1.523400000000000e+00 -1.581900125335928e+02 -4.140665042054224e-03
-1.521400000000000e+00 -1.567863213799363e+02 -4.292468006224790e-03
-1.519400000000000e+00 -1.553751123229649e+02 -4.443920816211584e-03
-1.517400000000000e+00 -1.539571612726267e+02 -4.594991219348756e-03
-1.515400000000000e+00 -1.525332352793908e+02 -4.745647680176416e-03
-1.513400000000000e+00 -1.511040915236389e+02 -4.895859435658567e-03
-1.511400000000000e+00 -1.496704763362911e+02 -5.045596548859677e-03
-1.509400000000000e+00 -1.369088404838344e+02 -5.194829958135299e-03
-1.507400000000000e+00 -1.355793280822423e+02 -5.343531524237118e-03
-1.505400000000000e+00 -1.342476859202143e+02 -5.491674074234145e-03
-1.503400000000000e+00 -1.329145548736040e+02 -5.639231442032676e-03
-1.501400000000000e+00 -1.315805620523326e+02 -5.786178504778661e-03
-1.499400000000000e+00 -1.302463201911643e+02 -5.932491217224889e-03
-1.497400000000000e+00 -1.289124270999005e+02 -6.078146641987863e-03
-1.495400000000000e+00 -1.275794651616406e+02 -6.223122976461323e-03
-1.493400000000000e+00 -1.262480008767309e+02 -6.367399576315981e-03
-1.491400000000000e+00 -1.249185844629295e+02 -6.510956975872789e-03
-1.489400000000000e+00 -1.235917494934752e+02 -6.653776904825787e-03
-1.487400000000000e+00 -1.222680125937087e+02 -6.795842302011973e-03
-1.485400000000000e+00 -1.209478731724139e+02 -6.937137325361435e-03
-1.483400000000000e+00 -1.196318132067629e+02 -7.077647359292347e-03
-1.481400000000000e+00 -1.183202970644801e+02 -7.217359018912100e-03
-1.479400000000000e+00 -1.170137713760613e+02 -7.356260150396566e-03
-1.477400000000000e+00 -1.157126649334689e+02 -7.494339829675502e-03
-1.475400000000000e+00 -1.144173886434807e+02 -7.631588357417179e-03
-1.473400000000000e+00 -1.131283355071906e+02 -7.767997251709308e-03
-1.471400000000000e+00 -1.118458806403448e+02 -7.903559237828664e-03
-1.469400000000000e+00 -1.105703813242128e+02 -8.038268236042520e-03
-1.467400000000000e+00 -1.093021770905242e+02 -8.172119346640118e-03
-1.465400000000000e+00 -1.080415898376443e+02 -8.305108832799911e-03
-1.463400000000000e+00 -1.067889239697886e+02 -8.437234101939589e-03
-1.461400000000000e+00 -1.055444665694292e+02 -8.568493684101248e-03
-1.459400000000000e+00 -1.043084875867779e+02 -8.698887209787343e-03
-1.457400000000000e+00 -1.030812400628929e+02 -8.828415385140440e-03
-1.455400000000000e+00 -1.018629603613064e+02 -8.957079966039960e-03
-1.453400000000000e+00 -1.006538684292230e+02 -9.084883731133142e-03
-1.451400000000000e+00 -9.945416806975456e+01 -9.211830452863503e-03
-1.449400000000000e+00 -9.826404723575573e+01 -9.337924868017235e-03
-1.447400000000000e+00 -9.708367833302603e+01 -9.463172647380958e-03
-1.445400000000000e+00 -9.591321854002148e+01 -9.587580363745527e-03
-1.443400000000000e+00 -9.475281013634074e+01 -9.711155460344267e-03
-1.441400000000000e+00 -9.360258084394007e+01 -9.833906217843677e-03
-1.439400000000000e+00 -9.246264417443875e+01 -9.955841720568093e-03
