-1.719400000000000e+00 6.296527713333109e+00 -2.444418209865137e-02 9.773828402136035e-06 1.465051397018140e-03 -1.841344622481844e-01
-1.717400000000000e+00 6.296588282265496e+00 -2.485379952565005e-02 1.063564675821463e-05 1.587033844964637e-03 -1.719736503156352e-01
-1.715400000000000e+00 6.296648141648282e+00 -2.523373786634729e-02 1.147093951407759e-05 1.704064071091484e-03 -1.619980637136969e-01
-1.713400000000000e+00 6.296707257496493e+00 -2.558649675389893e-02 1.228574202319648e-05 1.817146348682934e-03 -1.536282055880868e-01
-1.711400000000000e+00 6.296765595280926e+00 -2.593412328094667e-02 1.308486646280695e-05 1.927022721185809e-03 -1.464866556476879e-01
-1.709400000000000e+00 6.296823119944169e+00 -2.625701785568161e-02 1.387175045005741e-05 2.034258284960677e-03 -1.402944785298229e-01
-1.707400000000000e+00 6.296879795918919e+00 -2.659793538364026e-02 1.464849689353535e-05 2.139293878193102e-03 -1.348760575049614e-01
-1.705400000000000e+00 6.296935587147150e+00 -2.691538066912013e-02 1.541778065682498e-05 2.242480180992138e-03 -1.300687575620839e-01
-1.703400000000000e+00 6.296990457102229e+00 -2.723066162658506e-02 1.618048335677634e-05 2.344100681494872e-03 -1.257729618604388e-01
-1.701400000000000e+00 6.297044368811163e+00 -2.752311343057024e-02 1.693864983520691e-05 2.444387595172098e-03 -1.218939717094888e-01
-1.699400000000000e+00 6.297097284881012e+00 -2.783642314431496e-02 1.769310857689335e-05 2.543533255268510e-03 -1.183852298497527e-01
-1.697400000000000e+00 6.297149167524756e+00 -2.812459037925897e-02 1.844452486261496e-05 2.641698413095929e-03 -1.151735207729603e-01
-1.695400000000000e+00 6.297199978591228e+00 -2.841120939915606e-02 1.919353578718635e-05 2.739018428691438e-03 -1.122258782485231e-01
-1.693400000000000e+00 6.297249679595952e+00 -2.871952372888418e-02 1.994096073884148e-05 2.835607966543960e-03 -1.095168494276546e-01
-1.691400000000000e+00 6.297298231754177e+00 -2.900852847583777e-02 2.068672084119669e-05 2.931564619303593e-03 -1.069968290105153e-01
-1.689400000000000e+00 6.297345596016290e+00 -2.928836185222944e-02 2.143175508992904e-05 3.026971726689913e-03 -1.046516431861642e-01
-1.687400000000000e+00 6.297391733104969e+00 -2.957093780375183e-02 2.217606889386351e-05 3.121900621236837e-03 -1.024606312556916e-01
-1.685400000000000e+00 6.297436603554557e+00 -2.985259305179665e-02 2.291941120612348e-05 3.216412414919530e-03 -1.004062748575165e-01
-1.683400000000000e+00 6.297480167753078e+00 -3.013250804164444e-02 2.366239577275293e-05 3.310559443740349e-03 -9.847360240595435e-02
-1.681400000000000e+00 6.297522385985548e+00 -3.038876484448679e-02 2.440484939282914e-05 3.404386454612972e-03 -9.663813242126136e-02
-1.679400000000000e+00 6.297563218480005e+00 -3.066650214448089e-02 2.514682406436401e-05 3.497931575493613e-03 -9.491110545853446e-02
-1.677400000000000e+00 6.297602625455663e+00 -3.094296064026182e-02 2.588829398846314e-05 3.591227124381408e-03 -9.327195416539399e-02
-1.675400000000000e+00 6.297640567172798e+00 -3.121789079918145e-02 2.662945338462243e-05 3.684300285323950e-03 -9.171228638748460e-02
-1.673400000000000e+00 6.297677003984973e+00 -3.146886336451754e-02 2.736941290308367e-05 3.777173678898250e-03 -9.021186330094930e-02
-1.671400000000000e+00 6.297711896393760e+00 -3.174124876948804e-02 2.810854713709100e-05 3.869865844926122e-03 -8.878835202128943e-02
-1.669400000000000e+00 6.297745205104281e+00 -3.198895111757935e-02 2.884668679098193e-05 3.962391657247341e-03 -8.741216738965679e-02
-1.667400000000000e+00 6.297776891084256e+00 -3.225837401092897e-02 2.958307746389767e-05 4.054762678113069e-03 -8.610120473824534e-02
-1.665400000000000e+00 6.297806915623226e+00 -3.252612987734599e-02 3.031843725976222e-05 4.146987469582838e-03 -8.484025463941025e-02
-1.663400000000000e+00 6.297835240395332e+00 -3.276904205125213e-02 3.105173649702446e-05 4.239071857005821e-03 -8.361081323072705e-02
-1.661400000000000e+00 6.297861827522206e+00 -3.303571405176863e-02 3.178280396967642e-05 4.331019168888571e-03 -8.243597371994060e-02
-1.659400000000000e+00 6.297886639638903e+00 -3.327539425151031e-02 3.251113420643510e-05 4.422830442701346e-03 -8.128515161562075e-02
-1.657400000000000e+00 6.297909639959927e+00 -3.353659734406283e-02 3.323724786875724e-05 4.514504615490278e-03 -8.018301657500598e-02
-1.655400000000000e+00 6.297930792347883e+00 -3.377252901948057e-02 3.395953076618081e-05 4.606038675700376e-03 -7.909832518797871e-02
-1.653400000000000e+00 6.297950061382539e+00 -3.400641234115654e-02 3.467899501838481e-05 4.697427834633763e-03 -7.804373280573866e-02
-1.651400000000000e+00 6.297967412431262e+00 -3.426183833818387e-02 3.539399435228654e-05 4.788665634884916e-03 -7.702921700448928e-02
-1.649400000000000e+00 6.297982811720444e+00 -3.449266864034813e-02 3.610486636816652e-05 4.879744099891726e-03 -7.602606189501322e-02
-1.647400000000000e+00 6.297996226407244e+00 -3.474258562175367e-02 3.681064908847933e-05 4.970653827913720e-03 -7.506050582105173e-02
-1.645400000000000e+00 6.298007624652807e+00 -3.496816840990152e-02 3.751159153286788e-05 5.061384115438984e-03 -7.410100515298829e-02
-1.643400000000000e+00 6.298016975694213e+00 -3.519122110776372e-02 3.820633642785898e-05 5.151923032992476e-03 -7.316181296255463e-02
-1.641400000000000e+00 6.298024249918565e+00 -3.543546769449470e-02 3.889570049268680e-05 5.242257551080382e-03 -7.225557617669374e-02
-1.639400000000000e+00 6.298029418935349e+00 -3.565369401060559e-02 3.957798129964425e-05 5.332373583562692e-03 -7.135070632486780e-02
-1.637400000000000e+00 6.298032455649281e+00 -3.586935998450820e-02 4.025351794415672e-05 5.422256115754219e-03 -7.046202943706197e-02
-1.635400000000000e+00 6.298033334332110e+00 -3.610614979059291e-02 4.092097482591786e-05 5.511889244683979e-03 -6.960347655016506e-02
-1.633400000000000e+00 6.298032030694193e+00 -3.631672508470393e-02 4.158108514026556e-05 5.601256299859482e-03 -6.874189177986097e-02
-1.631400000000000e+00 6.298028521954511e+00 -3.652441583281029e-02 4.223245543039816e-05 5.690339865369076e-03 -6.789332773957846e-02
-1.629400000000000e+00 6.298022786909383e+00 -3.675287101784890e-02 4.287458851966013e-05 5.779121889112803e-03 -6.707373632089743e-02
-1.627400000000000e+00 6.298014805999710e+00 -3.695499073634543e-02 4.350761584117203e-05 5.867583752322334e-03 -6.624660107333522e-02
-1.625400000000000e+00 6.298004561376207e+00 -3.715419188841314e-02 4.413037047773234e-05 5.955706308097385e-03 -6.543003663479247e-02
-1.623400000000000e+00 6.297992036962587e+00 -3.735040714388960e-02 4.474260322589367e-05 6.043469982589130e-03 -6.462328453433434e-02
-1.621400000000000e+00 6.297977218515632e+00 -3.756692934113121e-02 4.534449114049547e-05 6.130854835919118e-03 -6.384344360037374e-02
-1.619400000000000e+00 6.297960093684002e+00 -3.775697332293446e-02 4.593484194284365e-05 6.217840593746183e-03 -6.305251895034775e-02
-1.617400000000000e+00 6.297940652062130e+00 -3.794384844417670e-02 4.651298535408919e-05 6.304406744214959e-03 -6.226967794189278e-02
-1.615400000000000e+00 6.297918885242433e+00 -3.812728660992347e-02 4.707855710168237e-05 6.390532598973124e-03 -6.149437786633901e-02
-1.613400000000000e+00 6.297894786862742e+00 -3.830807098855707e-02 4.763195580710677e-05 6.476197367487918e-03 -6.072611523231281e-02
-1.611400000000000e+00 6.297868352650767e+00 -3.850828784576067e-02 4.817172766152724e-05 6.561380160682103e-03 -5.998254373248167e-02
-1.609400000000000e+00 6.297839580464066e+00 -3.868168749790215e-02 4.869731455059073e-05 6.646060110419626e-03 -5.922537557723495e-02
-1.607400000000000e+00 6.297808470325832e+00 -3.885189223698454e-02 4.920975464759743e-05 6.730216452037814e-03 -5.847416482343080e-02
-1.605400000000000e+00 6.297775024455623e+00 -3.901806545324332e-02 4.970708147526714e-05 6.813828468810144e-03 -5.772855628890548e-02
-1.603400000000000e+00 6.297739247296414e+00 -3.918185282923332e-02 5.018908946388835e-05 6.896875667075258e-03 -5.698823299785921e-02
-1.601400000000000e+00 6.297701145535562e+00 -3.936426246197282e-02 5.065599244659190e-05 6.979337803970560e-03 -5.627290948195714e-02
-1.599400000000000e+00 6.297660728121389e+00 -3.952022853597836e-02 5.110807357732209e-05 7.061194935458146e-03 -5.554065136330821e-02
-1.597400000000000e+00 6.297618006273655e+00 -3.967258114583697e-02 5.154330815682593e-05 7.142427397917860e-03 -5.481305228204886e-02
-1.595400000000000e+00 6.297572993489755e+00 -3.983084654061712e-02 5.196214060415106e-05 7.223016002819481e-03 -5.408989401347442e-02
-1.593400000000000e+00 6.297525705544358e+00 -3.996631110821779e-02 5.236409610021107e-05 7.302941989857661e-03 -5.337098556910255e-02
-1.591400000000000e+00 6.297476160483624e+00 -4.010760789888460e-02 5.275014818422878e-05 7.382187154166400e-03 -5.265616020767995e-02
-1.589400000000000e+00 6.297424378614325e+00 -4.026737507055880e-02 5.311827217703238e-05 7.460733745424982e-03 -5.196751602901618e-02
-1.587400000000000e+00 6.297370382486227e+00 -4.040105976534276e-02 5.346827918493552e-05 7.538564675715993e-03 -5.125879329943209e-02
-1.585400000000000e+00 6.297314196869526e+00 -4.053101052410138e-02 5.380154236980138e-05 7.615663565303254e-03 -5.055391087740806e-02
-1.583400000000000e+00 6.297255848726038e+00 -4.065712614457005e-02 5.411651305757965e-05 7.692014619772087e-03 -4.985276890369041e-02
-1.581400000000000e+00 6.297195367175109e+00 -4.077948180959179e-02 5.441353533374344e-05 7.767602848465009e-03 -4.915528775970646e-02
-1.579400000000000e+00 6.297132783453612e+00 -4.089797559080998e-02 5.469233487292649e-05 7.842414010529533e-03 -4.846140241835740e-02
-1.577400000000000e+00 6.297068130870350e+00 -4.101275304134189e-02 5.495182956982334e-05 7.916434639847579e-03 -4.777106064556795e-02
-1.575400000000000e+00 6.297001444755494e+00 -4.114522386367850e-02 5.519372120957528e-05 7.989652232943180e-03 -4.710994628433902e-02
-1.573400000000000e+00 6.296932762404158e+00 -4.125222215633551e-02 5.541705847952928e-05 8.062055051457536e-03 -4.642497455833186e-02
-1.571400000000000e+00 6.296862123015551e+00 -4.135546546890279e-02 5.562183067578136e-05 8.133632302496564e-03 -4.574360145296340e-02
-1.569400000000000e+00 6.296789567626382e+00 -4.145495439927068e-02 5.580821515585667e-05 8.204374135067827e-03 -4.506581816190058e-02
-1.567400000000000e+00 6.296715139040860e+00 -4.155074385312044e-02 5.597598600666092e-05 8.274271636035146e-03 -4.439162787523082e-02
-1.565400000000000e+00 6.296638881755134e+00 -4.164284479765006e-02 5.612501414255588e-05 8.343316873834963e-03 -4.372104148289312e-02
-1.563400000000000e+00 6.296560841878664e+00 -4.173129049462728e-02 5.625487635607247e-05 8.411502897002401e-03 -4.305408360016413e-02
-1.561400000000000e+00 6.296481067050468e+00 -4.181608315030982e-02 5.636737139008635e-05 8.478823881589556e-03 -4.239078184319373e-02
-1.559400000000000e+00 6.296399606353226e+00 -4.189727185315213e-02 5.646092746534338e-05 8.545274853007828e-03 -4.173117371500498e-02
-1.557400000000000e+00 6.296316510223451e+00 -4.197486419156068e-02 5.653651572814014e-05 8.610852003958985e-03 -4.107530480263472e-02
-1.555400000000000e+00 6.296231830358923e+00 -4.206899022297234e-02 5.659404718491557e-05 8.675552511638023e-03 -4.045201099464606e-02
-1.553400000000000e+00 6.296145619623248e+00 -4.213537518527376e-02 5.663381858452975e-05 8.739374619229757e-03 -3.980233470697642e-02
-1.551400000000000e+00 6.296057931949633e+00 -4.220618995524116e-02 5.665553463389008e-05 8.802317580678273e-03 -3.915665302089330e-02
-1.549400000000000e+00 6.295968822240661e+00 -4.226975983665300e-02 5.666000042501765e-05 8.864381758854125e-03 -3.851502287011872e-02
-1.547400000000000e+00 6.295878346268998e+00 -4.232996569803185e-02 5.664673047746615e-05 8.925568478104783e-03 -3.787750294097230e-02
-1.545400000000000e+00 6.295786560575081e+00 -4.238691612712264e-02 5.661727980467234e-05 8.985880222316644e-03 -3.724415452901890e-02
-1.543400000000000e+00 6.295693522365593e+00 -4.244066232444673e-02 5.657070276371325e-05 9.045320340620092e-03 -3.661504243202229e-02
-1.541400000000000e+00 6.295599289410587e+00 -4.249130379344512e-02 5.650880703397395e-05 9.103893370473463e-03 -3.599023240713861e-02
-1.539400000000000e+00 6.295503919941297e+00 -4.253887906826724e-02 5.643029020220902e-05 9.161604639722837e-03 -3.536979108338986e-02
-1.537400000000000e+00 6.295407472548133e+00 -4.258327727313537e-02 5.633517639715797e-05 9.218460538205528e-03 -3.475378658223763e-02
-1.535400000000000e+00 6.295310006079233e+00 -4.262492493743399e-02 5.622590887826048e-05 9.274468586211037e-03 -3.414228693837854e-02
-1.533400000000000e+00 6.295211579540087e+00 -4.265713233879000e-02 5.610071525885766e-05 9.329636945674697e-03 -3.353536070577340e-02
-1.531400000000000e+00 6.295112251995058e+00 -4.269951519420630e-02 5.596130887439161e-05 9.383974940148204e-03 -3.293307478623441e-02
-1.529400000000000e+00 6.295012082470087e+00 -4.275082287772047e-02 5.580786138407925e-05 9.437492672740980e-03 -3.237076940119465e-02
-1.527400000000000e+00 6.294911129857303e+00 -4.278100106559728e-02 5.564133103102492e-05 9.490201168314684e-03 -3.177677352495107e-02
-1.525400000000000e+00 6.294809452822300e+00 -4.280788968126430e-02 5.546063100055461e-05 9.542112126818681e-03 -3.118768788632751e-02
-1.523400000000000e+00 6.294707109713926e+00 -4.283374368453639e-02 5.526609025676319e-05 9.593238156818940e-03 -3.060357096301173e-02
-1.521400000000000e+00 6.294604158475813e+00 -4.285646717757583e-02 5.506032216129721e-05 9.643592826172059e-03 -3.002448252252881e-02
-1.519400000000000e+00 6.294500656562808e+00 -4.285219254560463e-02 5.484118904473947e-05 9.693190058471905e-03 -2.945047819842950e-02
-1.517400000000000e+00 6.294396660858183e+00 -4.289493008181736e-02 5.461148409861174e-05 9.742044888069228e-03 -2.888161362309154e-02
-1.515400000000000e+00 6.294292227596211e+00 -4.291083659145230e-02 5.437020797188124e-05 9.790172707026914e-03 -2.831794309484786e-02
-1.513400000000000e+00 6.294187412287029e+00 -4.290591493034279e-02 5.411816708327476e-05 9.837589695066054e-03 -2.775951824824606e-02
-1.511400000000000e+00 6.294082269645589e+00 -4.293647463077812e-02 5.385480028616331e-05 9.884312512856043e-03 -2.720639069759975e-02
-1.509400000000000e+00 6.293976853524050e+00 -4.294643106567825e-02 5.358295938835147e-05 9.930358692141844e-03 -2.665860720995103e-02
-1.507400000000000e+00 6.293871216848399e+00 -4.295656109701772e-02 5.330046666056048e-05 9.975745841323838e-03 -2.611621436853186e-02
-1.505400000000000e+00 6.293765411558277e+00 -4.296076692588324e-02 5.300958229546913e-05 1.002049246434948e-02 -2.557925721169450e-02
-1.503400000000000e+00 6.293659488551705e+00 -4.296528562533581e-02 5.270979523498394e-05 1.006461726617167e-02 -2.504777616254679e-02
-1.501400000000000e+00 6.293553497632671e+00 -4.296838799609020e-02 5.240166795472678e-05 1.010813946985319e-02 -2.452181249854345e-02
-1.499400000000000e+00 6.293447487463892e+00 -4.296996009857108e-02 5.208683623220175e-05 1.015107878858415e-02 -2.400140210237559e-02
-1.497400000000000e+00 6.293341505522061e+00 -4.297010407864877e-02 5.176365876744394e-05 1.019345495939424e-02 -2.348658036059624e-02
-1.495400000000000e+00 6.293235598058875e+00 -4.296892109140219e-02 5.143424576976492e-05 1.023528840120478e-02 -2.297738026213354e-02
-1.493400000000000e+00 6.293129810064412e+00 -4.296898931740888e-02 5.109848744499553e-05 1.027659958821117e-02 -2.247383080693453e-02
-1.491400000000000e+00 6.293024185235246e+00 -4.296289711469575e-02 5.075670502960257e-05 1.031740927739314e-02 -2.197595976235708e-02
-1.489400000000000e+00 6.292918765946018e+00 -4.295826041260405e-02 5.040870767732841e-05 1.035773837668011e-02 -2.148379133553208e-02
