0.95387536e-3
5
3.787387949217168e-07 1.906394742990171e+00 -2.272746765594252e-06 1.460538235272074e+00
4.652314317055509e-07 1.906394757076425e+00 -2.791774362520412e-06 1.460538237298464e+00
5.517552096429742e-07 1.906394771165378e+00 -3.310988857827063e-06 1.460538239325243e+00
6.382752571811941e-07 1.906394785257037e+00 -3.830180993292570e-06 1.460538241352412e+00
7.247929092862154e-07 1.906394799351395e+00 -4.349358779826081e-06 1.460538243379972e+00
8.113089314517086e-07 1.906394813448456e+00 -4.868526811031048e-06 1.460538245407921e+00
8.978395812630066e-07 1.906394827548219e+00 -5.387782645918901e-06 1.460538247436260e+00
9.843666013368713e-07 1.906394841650685e+00 -5.907016725048648e-06 1.460538249464989e+00
1.070890870866994e-06 1.906394855755850e+00 -6.426234324317981e-06 1.460538251494108e+00
1.157425252516226e-06 1.906394869863719e+00 -6.945512630391126e-06 1.460538253523617e+00
1.243944846510408e-06 1.906394883974269e+00 -7.464702223954365e-06 1.460538255553513e+00
1.330463190900851e-06 1.906394898087540e+00 -7.983884344562626e-06 1.460538257583802e+00
1.416990517169530e-06 1.906394912203515e+00 -8.503120389614933e-06 1.460538259614480e+00
1.503515846796798e-06 1.906394926322192e+00 -9.022344478881680e-06 1.460538261645549e+00
1.590039505301415e-06 1.906394940443569e+00 -9.541558565752300e-06 1.460538263677007e+00
1.676553296645323e-06 1.906394954567650e+00 -1.006071346719179e-05 1.460538265708856e+00
1.763090830922859e-06 1.906394968694431e+00 -1.058001087171347e-05 1.460538267741094e+00
1.849610458909073e-06 1.906394982823916e+00 -1.109920084935087e-05 1.460538269773723e+00
1.936121901738939e-06 1.906394996956100e+00 -1.161834173499840e-05 1.460538271806741e+00
2.022654240454876e-06 1.906395011090988e+00 -1.213760803910606e-05 1.460538273840149e+00
2.109178022063377e-06 1.906395025228574e+00 -1.265682301922369e-05 1.460538275873947e+00
2.195700713302655e-06 1.906395039368864e+00 -1.317603148199774e-05 1.460538277908135e+00
2.282228648576494e-06 1.906395053511858e+00 -1.369527143912990e-05 1.460538279942712e+00
2.368749285275269e-06 1.906395067657537e+00 -1.421446762453029e-05 1.460538281977678e+00
2.455269167677717e-06 1.906395081805950e+00 -1.473365930932539e-05 1.460538284013038e+00
2.541793949000487e-06 1.906395095957032e+00 -1.525288041752818e-05 1.460538286048784e+00
2.628323145158811e-06 1.906395110110833e+00 -1.577212804423761e-05 1.460538288084921e+00
2.714840670781634e-06 1.906395124267332e+00 -1.629130566383586e-05 1.460538290121448e+00
2.801367845978701e-06 1.906395138426538e+00 -1.681054121474787e-05 1.460538292158366e+00
2.887889078724095e-06 1.906395152588444e+00 -1.732974113183578e-05 1.460538294195673e+00
2.974419183496798e-06 1.906395166753052e+00 -1.784899431432612e-05 1.460538296233370e+00
3.060938885028072e-06 1.906395180920363e+00 -1.836818509454870e-05 1.460538298271458e+00
3.147462551169070e-06 1.906395195090375e+00 -1.888739969159304e-05 1.460538300309935e+00
3.233985480603722e-06 1.906395209263089e+00 -1.940660989365105e-05 1.460538302348802e+00
3.320507730711274e-06 1.906395223438506e+00 -1.992581604505307e-05 1.460538304388059e+00
3.407033513320927e-06 1.906395237616624e+00 -2.044504342029496e-05 1.460538306427706e+00
3.493558508525381e-06 1.906395251797444e+00 -2.096426609633715e-05 1.460538308467743e+00
3.580082773220573e-06 1.906395265980967e+00 -2.148348441460976e-05 1.460538310508170e+00
3.666606358931507e-06 1.906395280167170e+00 -2.200269868431185e-05 1.460538312548984e+00
3.753125535794119e-06 1.906395294356095e+00 -2.252188652315374e-05 1.460538314590190e+00
3.839647984741809e-06 1.906395308547722e+00 -2.304109402315388e-05 1.460538316631787e+00
3.926173489271845e-06 1.906395322742052e+00 -2.356031988512387e-05 1.460538318673773e+00
4.012694786875920e-06 1.906395336939084e+00 -2.407952052795607e-05 1.460538320716150e+00
4.099225974888373e-06 1.906395351138818e+00 -2.459878054743957e-05 1.460538322758916e+00
4.185742735694638e-06 1.906395365341252e+00 -2.511795401757869e-05 1.460538324802073e+00
4.272265852011062e-06 1.906395379546390e+00 -2.563716565204163e-05 1.460538326845619e+00
4.358791693338551e-06 1.906395393754230e+00 -2.615639366480921e-05 1.460538328889555e+00
4.445316911829269e-06 1.906395407964766e+00 -2.667561796600356e-05 1.460538330933880e+00
4.531838415312185e-06 1.906395422178009e+00 -2.719482000002034e-05 1.460538332978597e+00
4.618362550624464e-06 1.906395436393954e+00 -2.771403785319607e-05 1.460538335023702e+00
4.704886159763337e-06 1.906395450612601e+00 -2.823325257488093e-05 1.460538337069198e+00
4.791406312834691e-06 1.906395464833951e+00 -2.875244658326597e-05 1.460538339115084e+00
4.877931910942580e-06 1.906395479058001e+00 -2.927167329242957e-05 1.460538341161360e+00
4.964456958974118e-06 1.906395493284753e+00 -2.979089672668657e-05 1.460538343208025e+00
5.050981485059246e-06 1.906395507514186e+00 -3.031011705484608e-05 1.460538345255078e+00
5.137502756467573e-06 1.906395521746343e+00 -3.082931787824705e-05 1.460538347302524e+00
5.224029074589816e-06 1.906395535981200e+00 -3.134854901218993e-05 1.460538349350359e+00
5.310552185431406e-06 1.906395550218761e+00 -3.186776092580387e-05 1.460538351398584e+00
5.397077495660450e-06 1.906395564459024e+00 -3.238698606363237e-05 1.460538353447199e+00
5.483599731372356e-06 1.906395578701987e+00 -3.290619277783741e-05 1.460538355496205e+00
5.570121580395948e-06 1.906395592947654e+00 -3.342539719765031e-05 1.460538357545600e+00
5.656645566110060e-06 1.906395607196022e+00 -3.394461446546599e-05 1.460538359595385e+00
5.743169123812626e-06 1.906395621447092e+00 -3.446382919093032e-05 1.460538361645560e+00
5.829692272440146e-06 1.906395635700864e+00 -3.498304148768532e-05 1.460538363696125e+00
5.916217425641199e-06 1.906395649957337e+00 -3.550226583965342e-05 1.460538365747079e+00
6.002737412756470e-06 1.906395664216514e+00 -3.602145921687287e-05 1.460538367798424e+00
6.089261764826911e-06 1.906395678478391e+00 -3.654067881358948e-05 1.460538369850159e+00
6.175785708031339e-06 1.906395692742949e+00 -3.705989598287882e-05 1.460538371902281e+00
6.262306995791499e-06 1.906395707010231e+00 -3.757909724339574e-05 1.460538373954795e+00
6.348832434262137e-06 1.906395721280213e+00 -3.809832343778609e-05 1.460538376007700e+00
6.435357450814897e-06 1.906395735552899e+00 -3.861754712645032e-05 1.460538378060994e+00
6.521879888275456e-06 1.906395749828286e+00 -3.913675536453817e-05 1.460538380114678e+00
6.608401993760545e-06 1.906395764106375e+00 -3.965596163664323e-05 1.460538382168753e+00
6.694925896672132e-06 1.906395778387167e+00 -4.017517872097313e-05 1.460538384223217e+00
6.781447347824374e-06 1.906395792670656e+00 -4.069438111885073e-05 1.460538386278070e+00
6.867974695013439e-06 1.906395806956850e+00 -4.121361892407399e-05 1.460538388333314e+00
6.954497527410778e-06 1.906395821245746e+00 -4.173282966293203e-05 1.460538390388948e+00
7.041018024442278e-06 1.906395835537345e+00 -4.225202641381740e-05 1.460538392444972e+00
7.127542237005750e-06 1.906395849831646e+00 -4.277124548721004e-05 1.460538394501386e+00
7.214066101717465e-06 1.906395864128649e+00 -4.329046249939995e-05 1.460538396558190e+00
7.300589630848059e-06 1.906395878428354e+00 -4.380967752402824e-05 1.460538398615383e+00
7.387114754864411e-06 1.906395892730760e+00 -4.432890214552707e-05 1.460538400672967e+00
7.473635728606809e-06 1.906395907035868e+00 -4.484810188811278e-05 1.460538402730940e+00
7.560160193884474e-06 1.906395921343658e+00 -4.536732260907472e-05 1.460538404789301e+00
7.646682471169099e-06 1.906395935654170e+00 -4.588653022647523e-05 1.460538406848054e+00
7.733208132504748e-06 1.906395949967384e+00 -4.640575817727353e-05 1.460538408907197e+00
7.819729814999525e-06 1.906395964283300e+00 -4.692496227792835e-05 1.460538410966731e+00
7.906251234753880e-06 1.906395978601917e+00 -4.744416482817677e-05 1.460538413026653e+00
7.992775946959290e-06 1.906395992923238e+00 -4.796338716216931e-05 1.460538415086967e+00
8.079300336983617e-06 1.906396007247259e+00 -4.848260758907677e-05 1.460538417147669e+00
8.165822679188270e-06 1.906396021573983e+00 -4.900181575362106e-05 1.460538419208762e+00
8.252346473086451e-06 1.906396035903409e+00 -4.952103265583648e-05 1.460538421270245e+00
8.338869973632685e-06 1.906396050235537e+00 -5.004024782398756e-05 1.460538423332118e+00
8.425394872096104e-06 1.906396064570365e+00 -5.055947140712156e-05 1.460538425394381e+00
8.511916130117272e-06 1.906396078907897e+00 -5.107867317084216e-05 1.460538427457033e+00
8.598442099402913e-06 1.906396093248127e+00 -5.159790323243757e-05 1.460538429520075e+00
8.684964479680115e-06 1.906396107591046e+00 -5.211711178327829e-05 1.460538431583505e+00
8.771486608555135e-06 1.906396121936683e+00 -5.263631885182562e-05 1.460538433647328e+00
8.858008493314324e-06 1.906396136285022e+00 -5.315552448180946e-05 1.460538435711540e+00
8.944531725636784e-06 1.906396150636062e+00 -5.367473822465473e-05 1.460538437776142e+00
8.944533310311946e-06 1.906396150636004e+00 -5.367474773403744e-05 1.460538437776134e+00
1.097812865299210e-05 1.906396484797534e+00 -6.587807439891637e-05 1.460538485850429e+00
1.301191761727595e-05 1.906396818981517e+00 -7.808257724124809e-05 1.460538533928640e+00
1.504590021922750e-05 1.906397153187940e+00 -9.028825635941843e-05 1.460538582010765e+00
1.708007728994918e-05 1.906397487416867e+00 -1.024951167427552e-04 1.460538630096814e+00
1.911444855949558e-05 1.906397821668351e+00 -1.147031567733651e-04 1.460538678186794e+00
2.114901385612781e-05 1.906398155942209e+00 -1.269123754226268e-04 1.460538726280679e+00
2.318377428614202e-05 1.906398490238515e+00 -1.391227793312827e-04 1.460538774378481e+00
2.521872665982601e-05 1.906398824557401e+00 -1.513343493603159e-04 1.460538822480218e+00
2.725387393643315e-05 1.906399158898643e+00 -1.635471032697505e-04 1.460538870585858e+00
2.928921631336731e-05 1.906399493262488e+00 -1.757610422462519e-04 1.460538918695437e+00
3.132475212282703e-05 1.906399827648641e+00 -1.879761562834536e-04 1.460538966808913e+00
3.336048137520293e-05 1.906400162057331e+00 -2.001924454457623e-04 1.460539014926320e+00
3.539640487611886e-05 1.906400496488492e+00 -2.124099145696001e-04 1.460539063047647e+00
3.743252363148375e-05 1.906400830942110e+00 -2.246285696933053e-04 1.460539111172892e+00
3.946883484556922e-05 1.906401165417992e+00 -2.368483940419210e-04 1.460539159302029e+00
4.150534070781833e-05 1.906401499916472e+00 -2.490694007561804e-04 1.460539207435106e+00
4.354204006577426e-05 1.906401834437390e+00 -2.612915829222297e-04 1.460539255572099e+00
4.557893445816707e-05 1.906402168980690e+00 -2.735149497757975e-04 1.460539303713001e+00
4.761602247899871e-05 1.906402503546410e+00 -2.857394928816242e-04 1.460539351857818e+00
4.965330409236373e-05 1.906402838134557e+00 -2.979652120262267e-04 1.460539400006550e+00
5.169078008859680e-05 1.906403172745250e+00 -3.101921119543799e-04 1.460539448159216e+00
5.372845087200095e-05 1.906403507378303e+00 -3.224201950941624e-04 1.460539496315788e+00
5.576631449830460e-05 1.906403842033781e+00 -3.346494497801690e-04 1.460539544476276e+00
5.780437248291575e-05 1.906404176711617e+00 -3.468798851081825e-04 1.460539592640671e+00
5.984262447505538e-05 1.906404511411889e+00 -3.591114989752286e-04 1.460539640808984e+00
6.188107108443062e-05 1.906404846134671e+00 -3.713442950421481e-04 1.460539688981225e+00
6.391971128889288e-05 1.906405180879796e+00 -3.835782671769676e-04 1.460539737157372e+00
6.595854526535512e-05 1.906405515647243e+00 -3.958134164432853e-04 1.460539785337421e+00
6.799757379313480e-05 1.906405850437216e+00 -4.080497475198566e-04 1.460539833521402e+00
7.003679573781230e-05 1.906406185249503e+00 -4.202872536009188e-04 1.460539881709285e+00
7.207621245148408e-05 1.906406520084277e+00 -4.325259428024331e-04 1.460539929901093e+00
7.411582322343318e-05 1.906406854941448e+00 -4.447658108613338e-04 1.460539978096816e+00
7.615562685930019e-05 1.906407189820888e+00 -4.570068506121908e-04 1.460540026296435e+00
7.819562536916428e-05 1.906407524722754e+00 -4.692490741194952e-04 1.460540074499972e+00
8.023581790758050e-05 1.906407859647115e+00 -4.814924763118009e-04 1.460540122707437e+00
8.227620440056805e-05 1.906408194593818e+00 -4.937370567469964e-04 1.460540170918809e+00
8.431678461181721e-05 1.906408529562882e+00 -5.059828140089766e-04 1.460540219134092e+00
8.635755914665605e-05 1.906408864554357e+00 -5.182297517323106e-04 1.460540267353291e+00
8.839852759121101e-05 1.906409199568179e+00 -5.304778674352660e-04 1.460540315576398e+00
9.043968988105013e-05 1.906409534604308e+00 -5.427271607331128e-04 1.460540363803408e+00
9.248104626272641e-05 1.906409869662816e+00 -5.549776331074439e-04 1.460540412034330e+00
9.452259696026766e-05 1.906410204743752e+00 -5.672292859046635e-04 1.460540460269173e+00
9.656434159044214e-05 1.906410539847048e+00 -5.794821168269028e-04 1.460540508507927e+00
9.860627994423848e-05 1.906410874972787e+00 -5.917361246219346e-04 1.460540556750604e+00
1.006484123918545e-04 1.906411210120744e+00 -6.039913115130438e-04 1.460540604997171e+00
1.026907385827209e-04 1.906411545291088e+00 -6.162476753985993e-04 1.460540653247654e+00
1.047332592752083e-04 1.906411880483819e+00 -6.285052208315504e-04 1.460540701502053e+00
1.067759737083383e-04 1.906412215698948e+00 -6.407639432472370e-04 1.460540749760368e+00
1.088188818285426e-04 1.906412550936313e+00 -6.530238423259688e-04 1.460540798022578e+00
1.108619847356727e-04 1.906412886196092e+00 -6.652849246701354e-04 1.460540846288707e+00
1.129052808127852e-04 1.906413221478120e+00 -6.775471805781961e-04 1.460540894558733e+00
1.149487708996854e-04 1.906413556782450e+00 -6.898106150918500e-04 1.460540942832663e+00
1.169924555341000e-04 1.906413892109313e+00 -7.020752314402530e-04 1.460540991110531e+00
1.190363337871144e-04 1.906414227458349e+00 -7.143410240504792e-04 1.460541039392285e+00
1.210804061962539e-04 1.906414562829768e+00 -7.266079961504471e-04 1.460541087677955e+00
1.231246725717121e-04 1.906414898223532e+00 -7.388761466030313e-04 1.460541135967537e+00
1.251691325086677e-04 1.906415233639533e+00 -7.511454729806940e-04 1.460541184261015e+00
1.272137867415632e-04 1.906415569077918e+00 -7.634159796929981e-04 1.460541232558410e+00
1.292586349706205e-04 1.906415904538641e+00 -7.756876649428581e-04 1.460541280859715e+00
1.313036772376653e-04 1.906416240021631e+00 -7.879605289831251e-04 1.460541329164922e+00
1.333489134747989e-04 1.906416575526999e+00 -8.002345714084408e-04 1.460541377474045e+00
1.353943435127001e-04 1.906416911054574e+00 -8.125097912044057e-04 1.460541425787061e+00
1.374399678099803e-04 1.906417246604576e+00 -8.247861911254383e-04 1.460541474104001e+00
1.394857854765951e-04 1.906417582176746e+00 -8.370637658318983e-04 1.460541522424829e+00
1.415317976760263e-04 1.906417917771289e+00 -8.493425223081584e-04 1.460541570749574e+00
1.435780034315266e-04 1.906418253388116e+00 -8.616224546945112e-04 1.460541619078224e+00
1.456244031831016e-04 1.906418589027193e+00 -8.739035656333530e-04 1.460541667410773e+00
1.476709976334886e-04 1.906418924688698e+00 -8.861858593440820e-04 1.460541715747248e+00
1.497177852689047e-04 1.906419260372363e+00 -8.984693267439003e-04 1.460541764087610e+00
1.517647670845889e-04 1.906419596078380e+00 -9.107539738075569e-04 1.460541812431887e+00
1.538119429162678e-04 1.906419931806667e+00 -9.230397995510476e-04 1.460541860780068e+00
1.558593122438295e-04 1.906420267557136e+00 -9.353268008549302e-04 1.460541909132140e+00
1.579068758300078e-04 1.906420603329907e+00 -9.476149822985736e-04 1.460541957488120e+00
1.599546337774480e-04 1.906420939125091e+00 -9.599043445000947e-04 1.460542005848025e+00
1.620025853080552e-04 1.906421274942475e+00 -9.721948827916501e-04 1.460542054211824e+00
1.640507303730766e-04 1.906421610781986e+00 -9.844865968824741e-04 1.460542102579507e+00
1.660990696080200e-04 1.906421946643859e+00 -9.967794905886584e-04 1.460542150951107e+00
1.681476031952994e-04 1.906422282528089e+00 -1.009073565006823e-03 1.460542199326626e+00
1.701963308915490e-04 1.906422618434516e+00 -1.021368818678161e-03 1.460542247706039e+00
1.722452518882457e-04 1.906422954363213e+00 -1.033665246752690e-03 1.460542296089357e+00
1.742943670406306e-04 1.906423290314047e+00 -1.045962854364507e-03 1.460542344476562e+00
1.763436761186229e-04 1.906423626287199e+00 -1.058261640135130e-03 1.460542392867679e+00
1.783931787431951e-04 1.906423962282580e+00 -1.070561601791732e-03 1.460542441262696e+00
1.804428757301084e-04 1.906424298300217e+00 -1.082862744231787e-03 1.460542489661617e+00
1.824927666928413e-04 1.906424634340142e+00 -1.095165065137722e-03 1.460542538064448e+00
1.845428517222589e-04 1.906424970402244e+00 -1.107468565056550e-03 1.460542586471171e+00
1.865931303728848e-04 1.906425306486607e+00 -1.119773241316995e-03 1.460542634881800e+00
1.886436024433920e-04 1.906425642593146e+00 -1.132079092712616e-03 1.460542683296322e+00
1.906942695986012e-04 1.906425978722051e+00 -1.144386129236563e-03 1.460542731714765e+00
1.927451296816990e-04 1.906426314873049e+00 -1.156694337946851e-03 1.460542780137090e+00
1.947961841913123e-04 1.906426651046268e+00 -1.169003727839154e-03 1.460542828563316e+00
1.968474326188958e-04 1.906426987241839e+00 -1.181314295863804e-03 1.460542876993461e+00
1.988988744764745e-04 1.906427323459479e+00 -1.193626039093723e-03 1.460542925427485e+00
2.009505110585035e-04 1.906427659699422e+00 -1.205938965299565e-03 1.460542973865422e+00
2.030023410931946e-04 1.906427995961630e+00 -1.218253066850959e-03 1.460543022307266e+00
2.050543649488497e-04 1.906428332245887e+00 -1.230568345959604e-03 1.460543070752988e+00
2.071065829101307e-04 1.906428668552436e+00 -1.242884804336250e-03 1.460543119202621e+00
2.091589940302695e-04 1.906429004881103e+00 -1.255202436300707e-03 1.460543167656141e+00
2.112116001499598e-04 1.906429341232136e+00 -1.267521252901790e-03 1.460543216113585e+00
2.112115963922900e-04 1.906429341231449e+00 -1.267521230349775e-03 1.460543216113486e+00
2.592299862478733e-04 1.906437206884563e+00 -1.555710045066743e-03 1.460544349502964e+00
3.072523780328395e-04 1.906445067889970e+00 -1.843930697295604e-03 1.460545482606574e+00
3.552787611960755e-04 1.906452924245776e+00 -2.132183098016845e-03 1.460546615424205e+00
4.033091171099480e-04 1.906460775948746e+00 -2.420467109712148e-03 1.460547747955551e+00
4.513434390698861e-04 1.906468622997672e+00 -2.708782666403126e-03 1.460548880200595e+00
4.993816886512478e-04 1.906476465386102e+00 -2.997129511691491e-03 1.460550012158564e+00
5.474238463901737e-04 1.906484303110722e+00 -3.285507502955300e-03 1.460551143829138e+00
5.954699098241500e-04 1.906492136170941e+00 -3.573916599601561e-03 1.460552275212386e+00
6.435198479300661e-04 1.906499964561745e+00 -3.862356589573285e-03 1.460553406307740e+00
6.915736538715212e-04 1.906507788281776e+00 -4.150827405974177e-03 1.460554537115158e+00
7.396312836181350e-04 1.906515607323836e+00 -4.439328758603320e-03 1.460555667633752e+00
7.876927410095345e-04 1.906523421688490e+00 -4.727860644603898e-03 1.460556797863755e+00
8.357580007563026e-04 1.906531231371482e+00 -5.016422886226573e-03 1.460557927804705e+00
8.838270435193578e-04 1.906539036369651e+00 -5.305015341417556e-03 1.460559057456293e+00
9.318998268903955e-04 1.906546836676016e+00 -5.593637729589968e-03 1.460560186817659e+00
9.799763723433550e-04 1.906554632294143e+00 -5.882290153673396e-03 1.460561315889467e+00
1.028056634732818e-03 1.906562423216536e+00 -6.170972316595079e-03 1.460562444670778e+00
1.076140598800465e-03 1.906570209440852e+00 -6.459684100697848e-03 1.460563573161400e+00
1.124228249572650e-03 1.906577990964567e+00 -6.748425390008318e-03 1.460564701361111e+00
1.172319558563891e-03 1.906585767783113e+00 -7.037195987397209e-03 1.460565829269395e+00
1.220414527159213e-03 1.906593539896731e+00 -7.325995875072269e-03 1.460566956886429e+00
1.268513119030684e-03 1.906601307299557e+00 -7.614824808761688e-03 1.460568084211505e+00
1.316615309655602e-03 1.906609069987721e+00 -7.903682615051625e-03 1.460569211244203e+00
1.364721089259866e-03 1.906616827959681e+00 -8.192569209069415e-03 1.460570337984440e+00
1.412830435905026e-03 1.906624581211973e+00 -8.481484432871299e-03 1.460571464431851e+00
1.460943341100378e-03 1.906632329743250e+00 -8.770428209248372e-03 1.460572590586380e+00
1.509059768661704e-03 1.906640073547805e+00 -9.059400294654470e-03 1.460573716447334e+00
1.557179699003939e-03 1.906647812622652e+00 -9.348400545202699e-03 1.460574842014416e+00
1.605303133534553e-03 1.906655546968036e+00 -9.637428943061622e-03 1.460575967287797e+00
1.653430025702924e-03 1.906663276576626e+00 -9.926485182344054e-03 1.460577092266545e+00
1.701560381263462e-03 1.906671001449520e+00 -1.021556927128535e-02 1.460578216950953e+00
1.749694172381558e-03 1.906678721582260e+00 -1.050468101635646e-02 1.460579341340505e+00
1.797831354137560e-03 1.906686436968016e+00 -1.079382012138247e-02 1.460580465434336e+00
1.845971939436614e-03 1.906694147608801e+00 -1.108298663748301e-02 1.460581589232871e+00
1.894115909019943e-03 1.906701853501790e+00 -1.137218042257237e-02 1.460582712735828e+00
1.942263225305105e-03 1.906709554641192e+00 -1.166140122446938e-02 1.460583835942491e+00
1.990413875191080e-03 1.906717251025089e+00 -1.195064893802313e-02 1.460584958852707e+00
2.038567846681565e-03 1.906724942651826e+00 -1.223992346470144e-02 1.460586081466361e+00
2.086725106692132e-03 1.906732629516235e+00 -1.252922457926330e-02 1.460587203782824e+00
2.134885639132280e-03 1.906740311616013e+00 -1.281855215853342e-02 1.460588325801885e+00
2.183049426303397e-03 1.906747988948611e+00 -1.310790606965466e-02 1.460589447523295e+00
2.231216458800932e-03 1.906755661512771e+00 -1.339728622957758e-02 1.460590568946990e+00
2.279386706630509e-03 1.906763329303995e+00 -1.368669243153179e-02 1.460591690072437e+00
2.327560160720693e-03 1.906770992321056e+00 -1.397612459442612e-02 1.460592810899575e+00
2.375736778996150e-03 1.906778650557704e+00 -1.426558243885999e-02 1.460593931427610e+00
2.423916559662715e-03 1.906786304013752e+00 -1.455506592741776e-02 1.460595051656632e+00
2.472099483188822e-03 1.906793952686477e+00 -1.484457491610146e-02 1.460596171586360e+00
2.520285527894729e-03 1.906801596572846e+00 -1.513410924798408e-02 1.460597291216466e+00
2.568474662284873e-03 1.906809235668091e+00 -1.542366870712884e-02 1.460598410546367e+00
2.616666887841079e-03 1.906816869972937e+00 -1.571325327573934e-02 1.460599529576281e+00
2.664862159547260e-03 1.906824499480421e+00 -1.600286265658739e-02 1.460600648305304e+00
2.713060471498794e-03 1.906832124190129e+00 -1.629249678745110e-02 1.460601766733483e+00
2.761261824349658e-03 1.906839744102368e+00 -1.658215564549922e-02 1.460602884860978e+00
2.809466160374217e-03 1.906847359208573e+00 -1.687183885706503e-02 1.460604002686639e+00
2.857673487724626e-03 1.906854969510390e+00 -1.716154644433918e-02 1.460605120210818e+00
2.905883777815821e-03 1.906862575003650e+00 -1.745127820872184e-02 1.460606237433009e+00
2.954096999637544e-03 1.906870175683930e+00 -1.774103393701599e-02 1.460607354352671e+00
3.002313151978601e-03 1.906877771551465e+00 -1.803081359509130e-02 1.460608470969942e+00
3.050532208720542e-03 1.906885362602623e+00 -1.832061699911075e-02 1.460609587284394e+00
3.098754147561435e-03 1.906892948834273e+00 -1.861044398814863e-02 1.460610703295669e+00
3.146978951984834e-03 1.906900530244338e+00 -1.890029443603554e-02 1.460611819003565e+00
3.195206594152056e-03 1.906908106828889e+00 -1.919016814852781e-02 1.460612934407604e+00
3.243437070275827e-03 1.906915678587881e+00 -1.948006507592732e-02 1.460614049507881e+00
3.291670335902904e-03 1.906923245514813e+00 -1.976998492408466e-02 1.460615164303536e+00
3.339906398672347e-03 1.906930807611269e+00 -2.005992771194046e-02 1.460616278794902e+00
3.388145221616130e-03 1.906938364872192e+00 -2.034989319030403e-02 1.460617392981329e+00
3.436386784244777e-03 1.906945917294761e+00 -2.063988120900054e-02 1.460618506862499e+00
3.484631091763477e-03 1.906953464880207e+00 -2.092989177229588e-02 1.460619620438687e+00
3.532878090628032e-03 1.906961007621076e+00 -2.121992453129707e-02 1.460620733708888e+00
3.581127777339860e-03 1.906968545517037e+00 -2.150997943790336e-02 1.460621846673146e+00
3.629380135328383e-03 1.906976078566289e+00 -2.180005636543912e-02 1.460622959331285e+00
3.677635123339832e-03 1.906983606762910e+00 -2.209015503880973e-02 1.460624071682523e+00
3.725892745290216e-03 1.906991130107996e+00 -2.238027545444904e-02 1.460625183727109e+00
3.774152990175189e-03 1.906998648600694e+00 -2.267041751909652e-02 1.460626295465008e+00
3.822415811522196e-03 1.907006162234227e+00 -2.296058092621905e-02 1.460627406895303e+00
3.870681185364426e-03 1.907013671005375e+00 -2.325076550456591e-02 1.460628518017605e+00
3.918949115050109e-03 1.907021174915617e+00 -2.354097124711471e-02 1.460629628832217e+00
3.967219587191757e-03 1.907028673963257e+00 -2.383119804618835e-02 1.460630739338973e+00
4.015492562065076e-03 1.907036168142886e+00 -2.412144563575501e-02 1.460631849537154e+00
4.063768020706397e-03 1.907043657452193e+00 -2.441171387457979e-02 1.460632959426501e+00
4.112045939319692e-03 1.907051141888294e+00 -2.470200259236130e-02 1.460634069006665e+00
4.160326312852075e-03 1.907058621450935e+00 -2.499231173147021e-02 1.460635178277690e+00
4.208609109680321e-03 1.907066096136016e+00 -2.528264107450664e-02 1.460636287239045e+00
4.256894320605628e-03 1.907073565942820e+00 -2.557299053888813e-02 1.460637395890701e+00
4.305181923855355e-03 1.907081030868763e+00 -2.586335996641210e-02 1.460638504232351e+00
4.353471892443343e-03 1.907088490910384e+00 -2.615374916750331e-02 1.460639612263557e+00
4.401764208473910e-03 1.907095946065610e+00 -2.644415800723193e-02 1.460640719984084e+00
4.450058845222383e-03 1.907103396331095e+00 -2.673458629756099e-02 1.460641827393509e+00
4.498355815987123e-03 1.907110841709706e+00 -2.702503409112817e-02 1.460642934492329e+00
4.546655052512494e-03 1.907118282191686e+00 -2.731550095010472e-02 1.460644041279164e+00
4.594956566183823e-03 1.907125717779648e+00 -2.760598691559462e-02 1.460645147754472e+00
4.643260338541631e-03 1.907133148471447e+00 -2.789649184919989e-02 1.460646253918003e+00
4.691566324209140e-03 1.907140574260942e+00 -2.818701545062515e-02 1.460647359768910e+00
4.739874536198489e-03 1.907147995151037e+00 -2.847755777072560e-02 1.460648465307691e+00
4.788184935961149e-03 1.907155411136639e+00 -2.876811855023938e-02 1.460649570533652e+00
4.836497493174181e-03 1.907162822213797e+00 -2.905869757934786e-02 1.460650675446270e+00
4.884812210831778e-03 1.907170228383999e+00 -2.934929484862227e-02 1.460651780045828e+00
4.933129043124984e-03 1.907177629641049e+00 -2.963991005507534e-02 1.460652884331464e+00
4.981448010679978e-03 1.907185025988980e+00 -2.993054329529941e-02 1.460653988303840e+00
4.981447916912148e-03 1.907185025974645e+00 -2.993054273129198e-02 1.460653988301700e+00
6.111057003156594e-03 1.907356450771859e+00 -3.672642761092117e-02 1.460679694559285e+00
7.239158003115756e-03 1.907524812226963e+00 -4.351569693131328e-02 1.460705172198629e+00
8.365509114961322e-03 1.907690108252463e+00 -5.029652816868846e-02 1.460730419645920e+00
9.489871771764578e-03 1.907852340480621e+00 -5.706712057932690e-02 1.460755435526299e+00
1.061201171258274e-02 1.908011514254579e+00 -6.382570258458897e-02 1.460780218672371e+00
1.173169850169899e-02 1.908167638387670e+00 -7.057052977745475e-02 1.460804768098497e+00
1.284870725926423e-02 1.908320725228596e+00 -7.729989620910557e-02 1.460829083024173e+00
1.396281909373564e-02 1.908470790528138e+00 -8.401213781464476e-02 1.460853162868567e+00
1.507382051920274e-02 1.908617853167032e+00 -9.070562967256736e-02 1.460877007223725e+00
1.618150506793091e-02 1.908761935176640e+00 -9.737879643729597e-02 1.460900615875795e+00
1.728567228200553e-02 1.908903061407728e+00 -1.040301069267390e-01 1.460923988770392e+00
1.838612998224391e-02 1.909041259623165e+00 -1.106580883946779e-01 1.460947126048283e+00
1.948269280307700e-02 1.909176560107996e+00 -1.172613182484581e-01 1.460970028002361e+00
2.057518324688669e-02 1.909308995605837e+00 -1.238384308832836e-01 1.460992695088798e+00
2.166343122779791e-02 1.909438601068048e+00 -1.303881153583809e-01 1.461015127907129e+00
2.274727621843251e-02 1.909565413716125e+00 -1.369091286772138e-01 1.461037327234688e+00
2.382656438765181e-02 1.909689472512977e+00 -1.434002788604679e-01 1.461059293958593e+00
2.490115091342350e-02 1.909810818254403e+00 -1.498604391053095e-01 1.461081029114986e+00
2.597089931194452e-02 1.909929493311674e+00 -1.562885439284591e-01 1.461102533867559e+00
2.703568116794026e-02 1.910045541432150e+00 -1.626835876725003e-01 1.461123809495239e+00
2.809537706390861e-02 1.910159007677624e+00 -1.690446301589312e-01 1.461144857404526e+00
2.914987501695406e-02 1.910269938099523e+00 -1.753707873225062e-01 1.461165679092737e+00
3.019907150513521e-02 1.910378379703473e+00 -1.816612373500344e-01 1.461186276163509e+00
3.124287139412961e-02 1.910484380300672e+00 -1.879152201640076e-01 1.461206650320973e+00
3.228118721542131e-02 1.910587988301432e+00 -1.941320329809281e-01 1.461226803351657e+00
3.331393955387043e-02 1.910689252632939e+00 -2.003110324817400e-01 1.461246737128893e+00
3.434105598793135e-02 1.910788222521000e+00 -2.064516282834732e-01 1.461266453589581e+00
3.536247184142754e-02 1.910884947459469e+00 -2.125532872220547e-01 1.461285954746480e+00
3.637813003740235e-02 1.910979477096187e+00 -2.186155322235160e-01 1.461305242683393e+00
3.738797943132429e-02 1.911071860988993e+00 -2.246379320834740e-01 1.461324319522084e+00
3.839197668333775e-02 1.911162148699008e+00 -2.306201123487016e-01 1.461343187456750e+00
3.939008418516428e-02 1.911250389526499e+00 -2.365617426383388e-01 1.461361848714034e+00
4.038227020525229e-02 1.911336632462785e+00 -2.424625371969535e-01 1.461380305555614e+00
4.136851011621000e-02 1.911420926237426e+00 -2.483222618510735e-01 1.461398560300826e+00
4.234878432533135e-02 1.911503319085154e+00 -2.541407213452511e-01 1.461416615288154e+00
4.332307828319991e-02 1.911583858705220e+00 -2.599177590516533e-01 1.461434472875914e+00
4.429138309092228e-02 1.911662592273569e+00 -2.656532602113186e-01 1.461452135453966e+00
4.525369477367256e-02 1.911739566348092e+00 -2.713471472540784e-01 1.461469605430963e+00
4.621001356078269e-02 1.911814826783851e+00 -2.769993751749124e-01 1.461486885222124e+00
4.716034441616285e-02 1.911888418753602e+00 -2.826099343087354e-01 1.461503977259858e+00
4.810469640324101e-02 1.911960386678932e+00 -2.881788462087962e-01 1.461520883983261e+00
4.904308263764210e-02 1.912030774212985e+00 -2.937061630057922e-01 1.461537607838391e+00
4.997551948527937e-02 1.912099624171011e+00 -2.991919623286715e-01 1.461554151265214e+00
5.090202713553475e-02 1.912166978567485e+00 -3.046363503321630e-01 1.461570516709052e+00
5.182262835265142e-02 1.912232878522661e+00 -3.100394540135170e-01 1.461586706599847e+00
5.273734963443679e-02 1.912297364347191e+00 -3.154014276852273e-01 1.461602723373937e+00
5.364621992257164e-02 1.912360475452387e+00 -3.207224450728803e-01 1.461618569452691e+00
5.454927068753379e-02 1.912422250363402e+00 -3.260026995034292e-01 1.461634247245460e+00
5.544653558774975e-02 1.912482726704699e+00 -3.312424016074333e-01 1.461649759145095e+00
5.633805109253394e-02 1.912541941252060e+00 -3.364417826567273e-01 1.461665107540090e+00
5.722385481056338e-02 1.912599929832900e+00 -3.416010845217365e-01 1.461680294787141e+00
5.810398693210100e-02 1.912656727436166e+00 -3.467205678090862e-01 1.461695323237381e+00
5.897848942580383e-02 1.912712368173151e+00 -3.518005069019739e-01 1.461710195223852e+00
5.984740475155111e-02 1.912766885213076e+00 -3.568411822363695e-01 1.461724913041055e+00
6.071077793340360e-02 1.912820310932161e+00 -3.618428920956039e-01 1.461739478981523e+00
6.156865457382246e-02 1.912872676806069e+00 -3.668059408466596e-01 1.461753895303384e+00
6.242108136122172e-02 1.912924013462116e+00 -3.717306416710520e-01 1.461768164240370e+00
6.326810649629416e-02 1.912974350723701e+00 -3.766173188081999e-01 1.461782288010125e+00
6.410977861717289e-02 1.913023717565716e+00 -3.814663011412208e-01 1.461796268797458e+00
6.494614719234015e-02 1.913072142158815e+00 -3.862779242779155e-01 1.461810108762118e+00
6.577726245638461e-02 1.913119651886427e+00 -3.910525299940527e-01 1.461823810038919e+00
6.660317501171292e-02 1.913166273342436e+00 -3.957904637697259e-01 1.461837374732261e+00
6.742393635540657e-02 1.913212032381832e+00 -4.004920776465702e-01 1.461850804925880e+00
6.823959767031161e-02 1.913256954074276e+00 -4.051577231428133e-01 1.461864102664161e+00
6.905021133387544e-02 1.913301062808450e+00 -4.097877597449923e-01 1.461877269977785e+00
6.985582921819383e-02 1.913344382219090e+00 -4.143825450420707e-01 1.461890308857019e+00
7.065650362579849e-02 1.913386935259326e+00 -4.189424399492112e-01 1.461903221267973e+00
7.145228738206592e-02 1.913428744225122e+00 -4.234678090971464e-01 1.461916009154956e+00
7.224323241028612e-02 1.913469830700188e+00 -4.279590126117584e-01 1.461928674418452e+00
7.302939141114347e-02 1.913510215664542e+00 -4.324164155591001e-01 1.461941218943047e+00
7.381081682845915e-02 1.913549919459338e+00 -4.368403819576951e-01 1.461953644581630e+00
7.458756058137855e-02 1.913588961793231e+00 -4.412312731770967e-01 1.461965953152037e+00
7.535967516025831e-02 1.913627361816448e+00 -4.455894540459005e-01 1.461978146455246e+00
7.612721262690908e-02 1.913665138088220e+00 -4.499152871059106e-01 1.461990226260217e+00
7.689022422906570e-02 1.913702308576979e+00 -4.542091303753679e-01 1.462002194298708e+00
7.764876130506132e-02 1.913738890722477e+00 -4.584713423794736e-01 1.462014052280219e+00
7.840287534159472e-02 1.913774901455156e+00 -4.627022823909887e-01 1.462025801893539e+00
7.915261720086286e-02 1.913810357175205e+00 -4.669023060212961e-01 1.462037444795280e+00
7.989803699769617e-02 1.913845273764169e+00 -4.710717644878052e-01 1.462048982608751e+00
8.063918478765454e-02 1.913879666633296e+00 -4.752110084162912e-01 1.462060416935250e+00
8.137611015409794e-02 1.913913550719591e+00 -4.793203854764368e-01 1.462071749348280e+00
8.210886253544676e-02 1.913946940515834e+00 -4.834002421594950e-01 1.462082981399156e+00
8.283749053891538e-02 1.913979850053780e+00 -4.874509199119401e-01 1.462094114607040e+00
8.356204265167461e-02 1.914012292950997e+00 -4.914727590580267e-01 1.462105150470413e+00
8.428256670490560e-02 1.914044282400084e+00 -4.954660957818660e-01 1.462116090459374e+00
8.499910997225425e-02 1.914075831187223e+00 -4.994312626479580e-01 1.462126936017758e+00
8.571171937132228e-02 1.914106951713542e+00 -5.033685896872172e-01 1.462137688566610e+00
8.642044119288579e-02 1.914137655996211e+00 -5.072784028724100e-01 1.462148349500639e+00
8.712532180555083e-02 1.914167955710774e+00 -5.111610279778891e-01 1.462158920199225e+00
8.782640587150325e-02 1.914197862126342e+00 -5.150167807281958e-01 1.462169402000129e+00
8.852373869625772e-02 1.914227386218021e+00 -5.188459797225847e-01 1.462179796235167e+00
8.921736461871466e-02 1.914256538608752e+00 -5.226489375487623e-01 1.462190104206491e+00
8.990732706814647e-02 1.914285329583056e+00 -5.264259610985326e-01 1.462200327187936e+00
9.059366978224020e-02 1.914313769148327e+00 -5.301773582235270e-01 1.462210466443486e+00
9.127643522488216e-02 1.914341866978738e+00 -5.339034290606520e-01 1.462220523204204e+00
9.195566544148366e-02 1.914369632460688e+00 -5.376044707108801e-01 1.462230498681290e+00
9.263140242245665e-02 1.914397074717037e+00 -5.412807792027767e-01 1.462240394071791e+00
9.330368693196942e-02 1.914424202567956e+00 -5.449326431083202e-01 1.462250210541701e+00
9.397256012685078e-02 1.914451024605841e+00 -5.485603523410900e-01 1.462259949250074e+00
9.397255883211668e-02 1.914451024554079e+00 -5.485603453243942e-01 1.462259949231249e+00
1.087201846729619e-01 1.915007777809042e+00 -6.270843131067488e-01 1.462467846377595e+00
1.220228607712332e-01 1.915473421523219e+00 -6.954330896811436e-01 1.462644957640935e+00
1.341994047870612e-01 1.915888291333394e+00 -7.558683927845942e-01 1.462799383596119e+00
1.454782964461793e-01 1.916273877632742e+00 -8.100116547709375e-01 1.462936656652501e+00
1.560264294245315e-01 1.916642151965419e+00 -8.590468204769326e-01 1.463060657780461e+00
1.659684598532802e-01 1.917000038258467e+00 -9.038576938623393e-01 1.463174180460919e+00
1.753995512132989e-01 1.917351663659421e+00 -9.451185705339998e-01 1.463279283219004e+00
1.843938126761267e-01 1.917699545115362e+00 -9.833543039625963e-01 1.463377515017476e+00
1.930099863093629e-01 1.918045241537498e+00 -1.018980805517215e+00 1.463470063062283e+00
2.012953819719048e-01 1.918389726436145e+00 -1.052333005672002e+00 1.463557852365666e+00
2.092886292447427e-01 1.918733606797149e+00 -1.083684444719919e+00 1.463641614065924e+00
2.170216753552891e-01 1.919077256526217e+00 -1.113261415041207e+00 1.463721933667888e+00
2.245212232963509e-01 1.919420898327852e+00 -1.141253203048068e+00 1.463799285354120e+00
2.318098175870588e-01 1.919764656169286e+00 -1.167819765017050e+00 1.463874057157648e+00
2.389066560512222e-01 1.920108588738801e+00 -1.193097489132387e+00 1.463946569512290e+00
2.458282284766256e-01 1.920452712112755e+00 -1.217203666779980e+00 1.464017089355635e+00
2.525887832706668e-01 1.920797013423119e+00 -1.240239857725842e+00 1.464085840566948e+00
2.592007240836013e-01 1.921141461348675e+00 -1.262294638761345e+00 1.464153012311075e+00
2.656749087929653e-01 1.921486012497396e+00 -1.283445728255965e+00 1.464218765375765e+00
2.720208916447740e-01 1.921830615802727e+00 -1.303761698432142e+00 1.464283237180774e+00
2.782471264613798e-01 1.922175215888976e+00 -1.323303383813007e+00 1.464346545828708e+00
2.843611191075191e-01 1.922519754666110e+00 -1.342124987786103e+00 1.464408793214400e+00
2.903695670658704e-01 1.922864173103524e+00 -1.360275037963365e+00 1.464470067677857e+00
2.962784698722116e-01 1.923208412200435e+00 -1.377797160374229e+00 1.464530446110473e+00
3.020932178974935e-01 1.923552413428328e+00 -1.394730715574846e+00 1.464589995646098e+00
3.078186729300453e-01 1.923896119325210e+00 -1.411111350793275e+00 1.464648775116521e+00
3.134592288091312e-01 1.924239473461711e+00 -1.426971444693136e+00 1.464706836183238e+00
3.190188724335778e-01 1.924582420907986e+00 -1.442340512495894e+00 1.464764224378538e+00
3.245012316657442e-01 1.924924908337348e+00 -1.457245539216271e+00 1.464820979937068e+00
3.299096084740590e-01 1.925266883567968e+00 -1.471711244364222e+00 1.464877138414358e+00
3.352470256217381e-01 1.925608296268145e+00 -1.485760359308773e+00 1.464932731397295e+00
3.405162474450004e-01 1.925949097309956e+00 -1.499413814240469e+00 1.464987786906951e+00
3.457198087031622e-01 1.926289238858045e+00 -1.512690930218397e+00 1.465042329852894e+00
3.508600456134560e-01 1.926628674828317e+00 -1.525609600907071e+00 1.465096382485422e+00
3.559391067262125e-01 1.926967360213716e+00 -1.538186410016082e+00 1.465149964615514e+00
3.609589723707980e-01 1.927305251116522e+00 -1.550436760423967e+00 1.465203093906620e+00
3.659214750032916e-01 1.927642304992415e+00 -1.562374995403906e+00 1.465255786162291e+00
3.708283108070491e-01 1.927978480435267e+00 -1.574014489921148e+00 1.465308055509828e+00
3.756810498208379e-01 1.928313736962103e+00 -1.585367731707896e+00 1.465359914558084e+00
3.804811510569621e-01 1.928648035237317e+00 -1.596446407831891e+00 1.465411374600444e+00
3.852299704469133e-01 1.928981336891686e+00 -1.607261468690209e+00 1.465462445734768e+00
3.899287707172721e-01 1.929313604548638e+00 -1.617823191773728e+00 1.465513136998305e+00
3.945787265510033e-01 1.929644801584777e+00 -1.628141230538434e+00 1.465563456447132e+00
3.991809357924612e-01 1.929974892377538e+00 -1.638224673088191e+00 1.465613411296927e+00
4.037364208322551e-01 1.930303841907448e+00 -1.648082075682895e+00 1.465663007954275e+00
4.082461412876081e-01 1.930631616217590e+00 -1.657721518055672e+00 1.465712252167830e+00
4.127109939391968e-01 1.930958182000480e+00 -1.667150628233610e+00 1.465761149038811e+00
4.171318189743126e-01 1.931283506674133e+00 -1.676376618886874e+00 1.465809703097958e+00
4.215094036482486e-01 1.931607558305256e+00 -1.685406316027118e+00 1.465857918352721e+00
4.258444902099729e-01 1.931930305880209e+00 -1.694246194538116e+00 1.465905798380172e+00
4.301377722617438e-01 1.932251718745747e+00 -1.702902388258119e+00 1.465953346291284e+00
4.343899059234153e-01 1.932571767174444e+00 -1.711380728864415e+00 1.466000564857584e+00
4.386015097344905e-01 1.932890422117751e+00 -1.719686760230046e+00 1.466047456512901e+00
4.427731620040384e-01 1.933207654777578e+00 -1.727825746996638e+00 1.466094023325379e+00
4.469054140539729e-01 1.933523437402036e+00 -1.735802713198102e+00 1.466140267146134e+00
4.509987836828048e-01 1.933837742599773e+00 -1.743622440955720e+00 1.466186189537100e+00
4.550537604203597e-01 1.934150543561930e+00 -1.751289491494704e+00 1.466231791829793e+00
4.590708101302685e-01 1.934461814254345e+00 -1.758808223724845e+00 1.466277075176932e+00
4.630503722987985e-01 1.934771529057508e+00 -1.766182798275575e+00 1.466322040521503e+00
4.669928641350906e-01 1.935079662942449e+00 -1.773417193771701e+00 1.466366688642127e+00
4.708986823340298e-01 1.935386191478472e+00 -1.780515217974180e+00 1.466411020172100e+00
4.747682031194743e-01 1.935691090715196e+00 -1.787480515235851e+00 1.466455035598750e+00
4.786017864946660e-01 1.935994337404427e+00 -1.794316581031520e+00 1.466498735310506e+00
4.823997722527615e-01 1.936295908580089e+00 -1.801026761216404e+00 1.466542119550090e+00
4.861624885538463e-01 1.936595782139668e+00 -1.807614273243958e+00 1.466585188510905e+00
4.898902454410037e-01 1.936893936238831e+00 -1.814082200246054e+00 1.466627942261507e+00
4.935833405353802e-01 1.937190349658694e+00 -1.820433506293580e+00 1.466670380809127e+00
4.972420606825508e-01 1.937485001860297e+00 -1.826671043998891e+00 1.466712504117141e+00
5.008666765514611e-01 1.937777872475160e+00 -1.832797549878065e+00 1.466754312041278e+00
5.044574514408277e-01 1.938068941944479e+00 -1.838815663665758e+00 1.466795804429353e+00
5.080146375175796e-01 1.938358191151882e+00 -1.844727925869608e+00 1.466836981076411e+00
5.115384755497461e-01 1.938645601338907e+00 -1.850536781188467e+00 1.466877841719888e+00
5.150292007529669e-01 1.938931154523995e+00 -1.856244591723284e+00 1.466918386105752e+00
5.184870390408404e-01 1.939214833144171e+00 -1.861853634055580e+00 1.466958613943547e+00
5.219122060720771e-01 1.939496619924297e+00 -1.867366100950286e+00 1.466998524893581e+00
5.253049120313505e-01 1.939776498221158e+00 -1.872784112099321e+00 1.467038118620953e+00
5.286653625135295e-01 1.940054452053484e+00 -1.878109718220980e+00 1.467077394804500e+00
5.319937556645254e-01 1.940330465824198e+00 -1.883344899110134e+00 1.467116353101961e+00
5.352902822306653e-01 1.940604524283042e+00 -1.888491566298749e+00 1.467154993148952e+00
5.385551291412688e-01 1.940876612785944e+00 -1.893551571052284e+00 1.467193314599446e+00
5.417884781629118e-01 1.941146717148306e+00 -1.898526704462201e+00 1.467231317108641e+00
5.449905077884941e-01 1.941414823769368e+00 -1.903418702457480e+00 1.467269000353791e+00
5.481613906525924e-01 1.941680919384334e+00 -1.908229243839865e+00 1.467306364002455e+00
5.513012970379725e-01 1.941944991327865e+00 -1.912959957543072e+00 1.467343407752443e+00
5.544103928987798e-01 1.942207027340084e+00 -1.917612421414489e+00 1.467380131307255e+00
5.574888406443481e-01 1.942467015605063e+00 -1.922188165132609e+00 1.467416534384042e+00
5.605368003152400e-01 1.942724944824543e+00 -1.926688673581618e+00 1.467452616726273e+00
5.635544287162721e-01 1.942980804120515e+00 -1.931115387102965e+00 1.467488378092301e+00
5.665418826762962e-01 1.943234583288866e+00 -1.935469707729123e+00 1.467523818292843e+00
5.694993117325468e-01 1.943486272156211e+00 -1.939752989908804e+00 1.467558937103081e+00
5.724268683229605e-01 1.943735861424853e+00 -1.943966556695568e+00 1.467593734382453e+00
5.753247011726216e-01 1.943983342091361e+00 -1.948111691367117e+00 1.467628209995139e+00
5.781929557722624e-01 1.944228705467188e+00 -1.952189639400623e+00 1.467662363814597e+00
5.810317796270125e-01 1.944471943609677e+00 -1.956201617092566e+00 1.467696195785037e+00
5.838413158414276e-01 1.944713048756310e+00 -1.960148803530914e+00 1.467729705844048e+00
5.866217068429949e-01 1.944952013626487e+00 -1.964032346964235e+00 1.467762893965936e+00
5.893730959921492e-01 1.945188831544934e+00 -1.967853368018887e+00 1.467795760180039e+00
5.920956229236323e-01 1.945423496026062e+00 -1.971612954171572e+00 1.467828304514175e+00
5.947894302502945e-01 1.945656001336999e+00 -1.975312169962722e+00 1.467860527073840e+00
5.947894250503962e-01 1.945656000887892e+00 -1.975312162841830e+00 1.467860527011620e+00
6.498916732589433e-01 1.950466347507986e+00 -2.046749171406564e+00 1.468522585044209e+00
6.911001975160049e-01 1.954086118853005e+00 -2.095414105795407e+00 1.469015636134829e+00
7.203686325169550e-01 1.956601485524049e+00 -2.127765709703799e+00 1.469355998342375e+00
7.396908178374826e-01 1.958153187586614e+00 -2.148135102461671e+00 1.469565184874053e+00
7.509831715002407e-01 1.958904667151963e+00 -2.159598237041263e+00 1.469666429243721e+00
7.559837064106908e-01 1.959019003766465e+00 -2.164418211989251e+00 1.469682125881469e+00
7.561958749838297e-01 1.958644946968873e+00 -2.164296677557822e+00 1.469632325071230e+00
7.528729593411871e-01 1.957910270110328e+00 -2.160530550119832e+00 1.469534077248475e+00
7.470299096013738e-01 1.956920108392930e+00 -2.154116826548843e+00 1.469401345143057e+00
7.394699956574625e-01 1.955758208225952e+00 -2.145826225950015e+00 1.469245238121638e+00
7.308171011481354e-01 1.954489584537764e+00 -2.136256677827521e+00 1.469074394104739e+00
7.215479703599592e-01 1.953163624147956e+00 -2.125872986829912e+00 1.468895399259177e+00
7.120214906905745e-01 1.951817107152100e+00 -2.115036708974089e+00 1.468713186713861e+00
7.025037605571809e-01 1.950476884519397e+00 -2.104028842176600e+00 1.468531385967800e+00
6.931887899766527e-01 1.949162129138021e+00 -2.093067213694016e+00 1.468352615263860e+00
6.842151385600642e-01 1.947886158488020e+00 -2.082319854157702e+00 1.468178718063785e+00
6.756791097244794e-01 1.946657883221886e+00 -2.071915408404386e+00 1.468010951265992e+00
6.676450133131367e-01 1.945482929110847e+00 -2.061951202862952e+00 1.467850131369547e+00
6.601531263044962e-01 1.944364502298735e+00 -2.052499592066820e+00 1.467696747667171e+00
6.532258070660196e-01 1.943304047579254e+00 -2.043612955954490e+00 1.467551048785413e+00
6.468721620989808e-01 1.942301744518477e+00 -2.035327649863269e+00 1.467413108275944e+00
6.410916134409542e-01 1.941356881974633e+00 -2.027667170765927e+00 1.467282874463899e+00
6.358765906334604e-01 1.940468135233841e+00 -2.020644675075024e+00 1.467160207598718e+00
6.312145725643236e-01 1.939633772317191e+00 -2.014265015370440e+00 1.467044907745316e+00
6.270896289014120e-01 1.938851806346223e+00 -2.008526393630112e+00 1.466936735583126e+00
6.234835726460183e-01 1.938120106000934e+00 -2.003421700296681e+00 1.466835427655186e+00
6.203768262939565e-01 1.937436476302245e+00 -1.998939616283573e+00 1.466740707671825e+00
6.177490592701302e-01 1.936798715073206e+00 -1.995065508991779e+00 1.466652294548257e+00
6.155796609816093e-01 1.936204652990195e+00 -1.991782175347177e+00 1.466569908228016e+00
6.138480882601526e-01 1.935652181706071e+00 -1.989070459456655e+00 1.466493273883593e+00
6.125341083475581e-01 1.935139270495484e+00 -1.986909753174243e+00 1.466422124535854e+00
6.116179764720565e-01 1.934663978247376e+00 -1.985278421709549e+00 1.466356203025017e+00
6.110805529888625e-01 1.934224459086875e+00 -1.984154149477233e+00 1.466295263086112e+00
6.109033798908182e-01 1.933818964021047e+00 -1.983514226774799e+00 1.466239069855676e+00
6.110687281432554e-01 1.933445841476362e+00 -1.983335790259621e+00 1.466187400204370e+00
6.115596194141634e-01 1.933103534999854e+00 -1.983596017171460e+00 1.466140042654402e+00
6.123598319227782e-01 1.932790579611445e+00 -1.984272285414730e+00 1.466096797088001e+00
6.134538937444061e-01 1.932505597889524e+00 -1.985342304068251e+00 1.466057474397261e+00
6.148270662632915e-01 1.932247295504322e+00 -1.986784217268537e+00 1.466021896036668e+00
6.164653228977456e-01 1.932014456151484e+00 -1.988576688104049e+00 1.465989893473322e+00
6.183553224409016e-01 1.931805936774045e+00 -1.990698963186679e+00 1.465961307658952e+00
6.204843804444138e-01 1.931620662662697e+00 -1.993130922495527e+00 1.465935988468667e+00
6.228404373557967e-01 1.931457622834053e+00 -1.995853114180988e+00 1.465913794162906e+00
6.254120290987391e-01 1.931315865322400e+00 -1.998846781876489e+00 1.465894590824343e+00
6.281882530943369e-01 1.931194493015809e+00 -2.002093877492243e+00 1.465878251857279e+00
6.311587413383608e-01 1.931092659360055e+00 -2.005577073902312e+00 1.465864657458970e+00
6.343136273558090e-01 1.931009564679248e+00 -2.009279763083136e+00 1.465853694165589e+00
6.376435178975666e-01 1.930944452531965e+00 -2.013186053197349e+00 1.465845254395229e+00
6.411394644724955e-01 1.930896606369108e+00 -2.017280759687583e+00 1.465839236025001e+00
6.447929400021684e-01 1.930865346392197e+00 -2.021549397263780e+00 1.465835541990039e+00
6.485958076613784e-01 1.930850026749275e+00 -2.025978158285270e+00 1.465834079922010e+00
6.525403035618490e-01 1.930850032820204e+00 -2.030553903450082e+00 1.465834761797252e+00
6.566190119062050e-01 1.930864778820321e+00 -2.035264140294196e+00 1.465837503623223e+00
6.608248383258483e-01 1.930893705512425e+00 -2.040096996806391e+00 1.465842225135813e+00
6.651510004574593e-01 1.930936278185598e+00 -2.045041212460582e+00 1.465848849533236e+00
6.695910006536598e-01 1.930991984721229e+00 -2.050086106550729e+00 1.465857303216106e+00
6.741386115380065e-01 1.931060333862314e+00 -2.055221559596820e+00 1.465867515555461e+00
6.787878628546848e-01 1.931140853681051e+00 -2.060437994647581e+00 1.465879418686374e+00
6.835330213037000e-01 1.931233090054512e+00 -2.065726349473479e+00 1.465892947299825e+00
6.883685791113839e-01 1.931336605374117e+00 -2.071078057668069e+00 1.465908038466949e+00
6.932892412684226e-01 1.931450977348282e+00 -2.076485027413544e+00 1.465924631474750e+00
6.982899116332397e-01 1.931575797861358e+00 -2.081939618410080e+00 1.465942667668462e+00
7.033656854166812e-01 1.931710672064358e+00 -2.087434625333210e+00 1.465962090326155e+00
7.085118318727165e-01 1.931855217285436e+00 -2.092963250311954e+00 1.465982844506281e+00
7.137237945132345e-01 1.932009062469267e+00 -2.098519094152292e+00 1.466004876970490e+00
7.189971719638086e-01 1.932171847143500e+00 -2.104096126561482e+00 1.466028136037737e+00
7.243277160151855e-01 1.932343220914768e+00 -2.109688674821840e+00 1.466052571513864e+00
7.297113252027885e-01 1.932522842906018e+00 -2.115291407544327e+00 1.466078134612099e+00
7.351440285054089e-01 1.932710380892726e+00 -2.120899308291442e+00 1.466104777830435e+00
7.406219905207679e-01 1.932905511188548e+00 -2.126507671702195e+00 1.466132454935404e+00
7.461414988392499e-01 1.933107917977022e+00 -2.132112081198294e+00 1.466161120866740e+00
7.516989567972358e-01 1.933317292833525e+00 -2.137708392624567e+00 1.466190731669081e+00
7.572908864654806e-01 1.933533334663520e+00 -2.143292728382452e+00 1.466221244482379e+00
7.629139171440139e-01 1.933755749128617e+00 -2.148861457114996e+00 1.466252617459722e+00
7.685647782922868e-01 1.933984248235371e+00 -2.154411178333250e+00 1.466284809708268e+00
7.742403023135066e-01 1.934218550339693e+00 -2.159938717007628e+00 1.466317781288725e+00
7.799374216445586e-01 1.934458379959422e+00 -2.165441112632965e+00 1.466351493187589e+00
7.856531597494717e-01 1.934703467339083e+00 -2.170915602732705e+00 1.466385907254566e+00
7.913846270746611e-01 1.934953548218743e+00 -2.176359611617817e+00 1.466420986168815e+00
7.971290235058923e-01 1.935208363901276e+00 -2.181770745576734e+00 1.466456693447022e+00
8.028836326630555e-01 1.935467660981579e+00 -2.187146780510072e+00 1.466492993403979e+00
8.086458220758205e-01 1.935731191341848e+00 -2.192485655422161e+00 1.466529851150479e+00
8.144130355781877e-01 1.935998711800839e+00 -2.197785458955397e+00 1.466567232542784e+00
8.201827968220705e-01 1.936269984274950e+00 -2.203044426538360e+00 1.466605104203716e+00
8.259527031088980e-01 1.936544775501751e+00 -2.208260928837968e+00 1.466643433482543e+00
8.317204243383389e-01 1.936822857000742e+00 -2.213433465236894e+00 1.466682188448061e+00
8.374837029141711e-01 1.937104005087819e+00 -2.218560658385316e+00 1.466721337889129e+00
8.432403499717362e-01 1.937388000715791e+00 -2.223641245705201e+00 1.466760851290944e+00
8.489882495947626e-01 1.937674629710672e+00 -2.228674078202232e+00 1.466800698866393e+00
8.547253428405640e-01 1.937963682005223e+00 -2.233658101810613e+00 1.466840851447971e+00
8.604496455339357e-01 1.938254952556276e+00 -2.238592368559210e+00 1.466881280613787e+00
8.661592338403507e-01 1.938548240657409e+00 -2.243476019737577e+00 1.466921958590468e+00
8.718522434356385e-01 1.938843349921444e+00 -2.248308281304093e+00 1.466962858249280e+00
8.775268783612432e-01 1.939140088773740e+00 -2.253088467612731e+00 1.467003953172928e+00
8.831813968187643e-01 1.939438269751099e+00 -2.257815965753666e+00 1.467045217556813e+00
8.888141170966536e-01 1.939737709840305e+00 -2.262490237229671e+00 1.467086626254402e+00
8.944234195243151e-01 1.940038230620810e+00 -2.267110816296956e+00 1.467128154795313e+00
9.000077356859532e-01 1.940339657723290e+00 -2.271677298002054e+00 1.467169779308860e+00
9.055655608403776e-01 1.940641821530042e+00 -2.276189345514324e+00 1.467211476619198e+00
