0.95387536e-3
5
3.787388462607043e-07 1.906394618513662e+00 -2.272746578050441e-06 1.460538217365457e+00
4.651705711281066e-07 1.906394604166543e+00 -2.791408400817128e-06 1.460538215301553e+00
5.516782452456099e-07 1.906394589822143e+00 -3.310525955870610e-06 1.460538213238041e+00
6.381421467025305e-07 1.906394575480419e+00 -3.829380812673984e-06 1.460538211174915e+00
7.246561907426240e-07 1.906394561141401e+00 -4.348536540398542e-06 1.460538209112180e+00
8.111169654273551e-07 1.906394546805099e+00 -4.867372581876645e-06 1.460538207049837e+00
8.976030331078620e-07 1.906394532471475e+00 -5.386360376204933e-06 1.460538204987880e+00
9.840933228393171e-07 1.906394518140571e+00 -5.905373480291438e-06 1.460538202926315e+00
1.070586812005654e-06 1.906394503812350e+00 -6.424405757599487e-06 1.460538200865138e+00
1.157070533694371e-06 1.906394489486828e+00 -6.943379395944288e-06 1.460538198804351e+00
1.243569322580203e-06 1.906394475164024e+00 -7.462443423905586e-06 1.460538196743955e+00
1.330048269215582e-06 1.906394460843897e+00 -7.981388355959513e-06 1.460538194683946e+00
1.416541027232722e-06 1.906394446526492e+00 -8.500416141712074e-06 1.460538192624330e+00
1.503016921486013e-06 1.906394432211769e+00 -9.019342704958827e-06 1.460538190565101e+00
1.589505457214426e-06 1.906394417899742e+00 -9.538345101509319e-06 1.460538188506261e+00
1.675996220610283e-06 1.906394403590435e+00 -1.005736083992298e-05 1.460538186447813e+00
1.762472799708840e-06 1.906394389283810e+00 -1.057629143487150e-05 1.460538184389753e+00
1.848960183430990e-06 1.906394374979902e+00 -1.109528684051507e-05 1.460538182332084e+00
1.935442276736954e-06 1.906394360678671e+00 -1.161425047333764e-05 1.460538180274802e+00
2.021933779336734e-06 1.906394346380146e+00 -1.213327054373498e-05 1.460538178217911e+00
2.108420088292809e-06 1.906394332084336e+00 -1.265225942204162e-05 1.460538176161411e+00
2.194908275648818e-06 1.906394317791205e+00 -1.317125954635972e-05 1.460538174105298e+00
2.281391915111955e-06 1.906394303500796e+00 -1.369023235364171e-05 1.460538172049577e+00
2.367877491351021e-06 1.906394289213068e+00 -1.420921675725402e-05 1.460538169994244e+00
2.454359024789356e-06 1.906394274928057e+00 -1.472817687481591e-05 1.460538167939303e+00
2.540848085621707e-06 1.906394260645728e+00 -1.524718213703775e-05 1.460538165884748e+00
2.627333140931611e-06 1.906394246366094e+00 -1.576616333692370e-05 1.460538163830583e+00
2.713814573923771e-06 1.906394232089182e+00 -1.628512277402743e-05 1.460538161776811e+00
2.800307905499491e-06 1.906394217814951e+00 -1.680415358654650e-05 1.460538159723425e+00
2.886792426352748e-06 1.906394203543438e+00 -1.732313150159599e-05 1.460538157670432e+00
2.973273672776480e-06 1.906394189274603e+00 -1.784208974150123e-05 1.460538155617825e+00
3.059761187586189e-06 1.906394175008472e+00 -1.836108557101927e-05 1.460538153565609e+00
3.146249948949689e-06 1.906394160745057e+00 -1.888008885502922e-05 1.460538151513784e+00
3.232731087840818e-06 1.906394146484321e+00 -1.939904637208221e-05 1.460538149462346e+00
3.319218011359301e-06 1.906394132226304e+00 -1.991803857581788e-05 1.460538147411300e+00
3.405706117107067e-06 1.906394117970970e+00 -2.043703784806570e-05 1.460538145360642e+00
3.492195317444513e-06 1.906394103718355e+00 -2.095604366292400e-05 1.460538143310375e+00
3.578673650968643e-06 1.906394089468415e+00 -2.147498424214549e-05 1.460538141260496e+00
3.665165090850959e-06 1.906394075221181e+00 -2.199400344447924e-05 1.460538139211006e+00
3.751646062048283e-06 1.906394060976663e+00 -2.251295980029195e-05 1.460538137161909e+00
3.838135737433717e-06 1.906394046734828e+00 -2.303196836258794e-05 1.460538135113198e+00
3.924622706884829e-06 1.906394032495709e+00 -2.355096066126288e-05 1.460538133064880e+00
4.011110679354426e-06 1.906394018259268e+00 -2.406995895308721e-05 1.460538131016948e+00
4.097596132340412e-06 1.906394004025547e+00 -2.458894210016389e-05 1.460538128969408e+00
4.184079222241710e-06 1.906393989794509e+00 -2.510791104102167e-05 1.460538126922256e+00
4.270566730896613e-06 1.906393975566168e+00 -2.562690647226702e-05 1.460538124875493e+00
4.357051888987144e-06 1.906393961340547e+00 -2.614588777244192e-05 1.460538122829123e+00
4.443538023772458e-06 1.906393947117607e+00 -2.666487490783843e-05 1.460538120783139e+00
4.530025079464136e-06 1.906393932897363e+00 -2.718386754368778e-05 1.460538118737545e+00
4.616513004453700e-06 1.906393918679841e+00 -2.770286537030478e-05 1.460538116692343e+00
4.702995723181941e-06 1.906393904465000e+00 -2.822183192935574e-05 1.460538114647528e+00
4.789479436728903e-06 1.906393890252876e+00 -2.874080443241766e-05 1.460538112603106e+00
4.875969906222398e-06 1.906393876043436e+00 -2.925981745098636e-05 1.460538110559070e+00
4.962455353381799e-06 1.906393861836689e+00 -2.977880030572702e-05 1.460538108515424e+00
5.048938843803698e-06 1.906393847632665e+00 -3.029777139274289e-05 1.460538106472170e+00
5.135425996665404e-06 1.906393833431321e+00 -3.081676443170867e-05 1.460538104429303e+00
5.221913915746069e-06 1.906393819232695e+00 -3.133576204293387e-05 1.460538102386829e+00
5.308397223415844e-06 1.906393805036748e+00 -3.185473195623874e-05 1.460538100344741e+00
5.394881396277102e-06 1.906393790843521e+00 -3.237370703573486e-05 1.460538098303045e+00
5.481368979398659e-06 1.906393776652976e+00 -3.289270255392393e-05 1.460538096261737e+00
5.567854722530530e-06 1.906393762465126e+00 -3.341168700501385e-05 1.460538094220817e+00
5.654341217014925e-06 1.906393748279997e+00 -3.393067593918874e-05 1.460538092180290e+00
5.740828429013720e-06 1.906393734097552e+00 -3.444966915339691e-05 1.460538090140151e+00
5.827313894316293e-06 1.906393719917822e+00 -3.496865186036690e-05 1.460538088100403e+00
5.913802483289228e-06 1.906393705740771e+00 -3.548765328628888e-05 1.460538086061042e+00
6.000286974190880e-06 1.906393691566424e+00 -3.600663009481280e-05 1.460538084022071e+00
6.086774527909957e-06 1.906393677394793e+00 -3.652562525713744e-05 1.460538081983492e+00
6.173258127612712e-06 1.906393663225845e+00 -3.704459666652629e-05 1.460538079945301e+00
6.259742465994569e-06 1.906393649059613e+00 -3.756357248299969e-05 1.460538077907501e+00
6.346229746456101e-06 1.906393634896059e+00 -3.808256592876651e-05 1.460538075870088e+00
6.432717646973503e-06 1.906393620735227e+00 -3.860156306979512e-05 1.460538073833067e+00
6.519201793981908e-06 1.906393606577076e+00 -3.912053766112683e-05 1.460538071796434e+00
6.605688773355703e-06 1.906393592421622e+00 -3.963952922339833e-05 1.460538069760190e+00
6.692176356833786e-06 1.906393578268887e+00 -4.015852438523052e-05 1.460538067724337e+00
6.778660339373452e-06 1.906393564118835e+00 -4.067749791293754e-05 1.460538065688873e+00
6.865144986502208e-06 1.906393549971500e+00 -4.119647540317850e-05 1.460538063653800e+00
6.951634351478411e-06 1.906393535826843e+00 -4.171548117881665e-05 1.460538061619114e+00
7.038122218696377e-06 1.906393521684890e+00 -4.223447794115159e-05 1.460538059584818e+00
7.124606653318036e-06 1.906393507545653e+00 -4.275345407958488e-05 1.460538057550914e+00
7.211091710179917e-06 1.906393493409095e+00 -4.327243392645004e-05 1.460538055517397e+00
7.297577367252116e-06 1.906393479275257e+00 -4.379141734955968e-05 1.460538053484272e+00
7.384063603537217e-06 1.906393465144103e+00 -4.431040422291652e-05 1.460538051451535e+00
7.470552296360420e-06 1.906393451015647e+00 -4.482940581201078e-05 1.460538049419187e+00
7.557037734560186e-06 1.906393436889907e+00 -4.534838784522416e-05 1.460538047387230e+00
7.643521883117015e-06 1.906393422766846e+00 -4.586736211404739e-05 1.460538045355661e+00
7.730008452738313e-06 1.906393408646506e+00 -4.638635088576033e-05 1.460538043324484e+00
7.816495549769508e-06 1.906393394528850e+00 -4.690534279689568e-05 1.460538041293695e+00
7.902981363448219e-06 1.906393380413888e+00 -4.742432698141160e-05 1.460538039263294e+00
7.989467709654102e-06 1.906393366301646e+00 -4.794331433607531e-05 1.460538037233286e+00
8.075954571362784e-06 1.906393352192088e+00 -4.846230475873070e-05 1.460538035203665e+00
8.162440195748521e-06 1.906393338085244e+00 -4.898128773100556e-05 1.460538033174436e+00
8.248928058443328e-06 1.906393323981081e+00 -4.950028410952647e-05 1.460538031145594e+00
8.335412988395397e-06 1.906393309879620e+00 -5.001926286378166e-05 1.460538029117141e+00
8.421900125108299e-06 1.906393295780877e+00 -5.053825483498501e-05 1.460538027089081e+00
8.508384403617995e-06 1.906393281684811e+00 -5.105722962923386e-05 1.460538025061408e+00
8.594870857342677e-06 1.906393267591466e+00 -5.157621745114456e-05 1.460538023034127e+00
8.681357789423433e-06 1.906393253500803e+00 -5.209520811818627e-05 1.460538021007233e+00
8.767843568767788e-06 1.906393239412858e+00 -5.261419184248794e-05 1.460538018980731e+00
8.854329830059471e-06 1.906393225327594e+00 -5.313317843348542e-05 1.460538016954616e+00
8.940818144731234e-06 1.906393211245027e+00 -5.365217732106125e-05 1.460538014928890e+00
8.940818144731234e-06 1.906393211245027e+00 -5.365217732106125e-05 1.460538014928890e+00
1.099266425488454e-05 1.906392873978607e+00 -6.596488304430476e-05 1.460537966414687e+00
1.304431831916024e-05 1.906392536734602e+00 -7.827642178218407e-05 1.460537917904406e+00
1.509577944286412e-05 1.906392199512736e+00 -9.058678816773998e-05 1.460537869398007e+00
1.714704632655214e-05 1.906391862313368e+00 -1.028959744052952e-04 1.460537820895541e+00
1.919811821940103e-05 1.906391525136177e+00 -1.152039759912458e-04 1.460537772396962e+00
2.124899598941458e-05 1.906391187981348e+00 -1.275107981363287e-04 1.460537723902296e+00
2.329968080263416e-05 1.906390850848804e+00 -1.398164478396810e-04 1.460537675411533e+00
2.535017176514358e-05 1.906390513738505e+00 -1.521209197390659e-04 1.460537626924666e+00
2.740046928162541e-05 1.906390176650561e+00 -1.644242162649060e-04 1.460537578441710e+00
2.945057123309313e-05 1.906389839584975e+00 -1.767263247036187e-04 1.460537529962667e+00
3.150048099861724e-05 1.906389502541668e+00 -1.890272653342225e-04 1.460537481487524e+00
3.355019479064282e-05 1.906389165520822e+00 -2.013270154305002e-04 1.460537433016308e+00
3.559971685723470e-05 1.906388828522137e+00 -2.136256004860045e-04 1.460537384548974e+00
3.764904374187246e-05 1.906388491545846e+00 -2.259229997610211e-04 1.460537336085558e+00
3.969817626922250e-05 1.906388154591925e+00 -2.382192182061724e-04 1.460537287626053e+00
4.174711611809086e-05 1.906387817660194e+00 -2.505142658974828e-04 1.460537239170436e+00
4.379586141360009e-05 1.906387480750955e+00 -2.628081315863829e-04 1.460537190718748e+00
4.584441339648371e-05 1.906387143863946e+00 -2.751008227200866e-04 1.460537142270953e+00
4.789277102095168e-05 1.906386806999333e+00 -2.873923330251358e-04 1.460537093827073e+00
4.994093454555916e-05 1.906386470157119e+00 -2.996826640550569e-04 1.460537045387109e+00
5.198890391351355e-05 1.906386133337120e+00 -3.119718154709507e-04 1.460536996951034e+00
5.403668012358007e-05 1.906385796539591e+00 -3.242597932682762e-04 1.460536948518885e+00
5.608426149919326e-05 1.906385459764468e+00 -3.365465873883723e-04 1.460536900090652e+00
5.813164952408550e-05 1.906385123011509e+00 -3.488322067365751e-04 1.460536851666301e+00
6.017884359379419e-05 1.906384786281102e+00 -3.611166476878941e-04 1.460536803245886e+00
6.222584386495867e-05 1.906384449572901e+00 -3.733999111840646e-04 1.460536754829359e+00
6.427265003129424e-05 1.906384112887180e+00 -3.856819953893295e-04 1.460536706416757e+00
6.631926182259690e-05 1.906383776223864e+00 -3.979628986842297e-04 1.460536658008071e+00
6.836567982871119e-05 1.906383439582797e+00 -4.102426246101464e-04 1.460536609603277e+00
7.041190416651872e-05 1.906383102964217e+00 -4.225211738706199e-04 1.460536561202410e+00
7.245793454697593e-05 1.906382766367941e+00 -4.347985447330533e-04 1.460536512805443e+00
7.450377071112258e-05 1.906382429794053e+00 -4.470747356455671e-04 1.460536464412387e+00
7.654941279654590e-05 1.906382093242632e+00 -4.593497474358524e-04 1.460536416023255e+00
7.859486182685303e-05 1.906381756713436e+00 -4.716235862480722e-04 1.460536367638011e+00
8.064011625928658e-05 1.906381420206727e+00 -4.838962428268256e-04 1.460536319256692e+00
8.268517658827676e-05 1.906381083722436e+00 -4.961677201409939e-04 1.460536270879289e+00
8.473004325894273e-05 1.906380747260509e+00 -5.084380208635563e-04 1.460536222505793e+00
8.677471552981051e-05 1.906380410821014e+00 -5.207071405472322e-04 1.460536174136214e+00
8.881919464134999e-05 1.906380074403876e+00 -5.329750866376228e-04 1.460536125770542e+00
9.086347906914255e-05 1.906379738009207e+00 -5.452418499892977e-04 1.460536077408791e+00
9.290756986282095e-05 1.906379401636927e+00 -5.575074369026990e-04 1.460536029050950e+00
9.495146633817702e-05 1.906379065287038e+00 -5.697718432741320e-04 1.460535980697020e+00
9.699516932893582e-05 1.906378728959475e+00 -5.820350741084461e-04 1.460535932346990e+00
9.903867788133716e-05 1.906378392654408e+00 -5.942971236846308e-04 1.460535884000885e+00
1.010819926601059e-04 1.906378056371843e+00 -6.065579959935022e-04 1.460535835658706e+00
1.031251137264041e-04 1.906377720111626e+00 -6.188176914039202e-04 1.460535787320431e+00
1.051680405963258e-04 1.906377383873807e+00 -6.310762070142013e-04 1.460535738986065e+00
1.072107734828909e-04 1.906377047658498e+00 -6.433335441047454e-04 1.460535690655626e+00
1.092533121928612e-04 1.906376711465578e+00 -6.555897015178808e-04 1.460535642329096e+00
1.112956571829901e-04 1.906376375295099e+00 -6.678446819964962e-04 1.460535594006481e+00
1.133378083757429e-04 1.906376039146983e+00 -6.800984850772595e-04 1.460535545687771e+00
1.153797645924409e-04 1.906375703021468e+00 -6.923511036896570e-04 1.460535497372999e+00
1.174215281154945e-04 1.906375366918204e+00 -7.046025515311854e-04 1.460535449062115e+00
1.194630969173192e-04 1.906375030837602e+00 -7.168528164375917e-04 1.460535400755178e+00
1.215044723722888e-04 1.906374694779199e+00 -7.291019066574186e-04 1.460535352452121e+00
1.235456533534321e-04 1.906374358743419e+00 -7.413498154306956e-04 1.460535304153005e+00
1.255866400477787e-04 1.906374022730092e+00 -7.535965438815310e-04 1.460535255857805e+00
1.276274329626832e-04 1.906373686739212e+00 -7.658420950563790e-04 1.460535207566521e+00
1.296680320260593e-04 1.906373350770755e+00 -7.780864685246650e-04 1.460535159279147e+00
1.317084370617219e-04 1.906373014824768e+00 -7.903296632312629e-04 1.460535110995692e+00
1.337486483273483e-04 1.906372678901288e+00 -8.025716807244690e-04 1.460535062716160e+00
1.357886650203956e-04 1.906372343000254e+00 -8.148125161904891e-04 1.460535014440542e+00
1.378284884418592e-04 1.906372007121587e+00 -8.270521774379800e-04 1.460534966168827e+00
1.398681171810217e-04 1.906371671265544e+00 -8.392906560042033e-04 1.460534917901051e+00
1.419075521050064e-04 1.906371335431964e+00 -8.515279570942111e-04 1.460534869637191e+00
1.439467931447308e-04 1.906370999620841e+00 -8.637640802954860e-04 1.460534821377246e+00
1.459858400399748e-04 1.906370663832213e+00 -8.759990240486445e-04 1.460534773121221e+00
1.480246933101756e-04 1.906370328066005e+00 -8.882327914725238e-04 1.460534724869106e+00
1.500633523122250e-04 1.906369992322304e+00 -9.004653787102712e-04 1.460534676620912e+00
1.521018164366983e-04 1.906369656601232e+00 -9.126967821072276e-04 1.460534628376656e+00
1.541400882324198e-04 1.906369320902489e+00 -9.249270169593334e-04 1.460534580136297e+00
1.561781646686388e-04 1.906368985226390e+00 -9.371560650829199e-04 1.460534531899878e+00
1.582160477081081e-04 1.906368649572680e+00 -9.493839382572260e-04 1.460534483667363e+00
1.602537365593480e-04 1.906368313941496e+00 -9.616106317351904e-04 1.460534435438771e+00
1.622912314307204e-04 1.906367978332778e+00 -9.738361467690393e-04 1.460534387214093e+00
1.643285320019481e-04 1.906367642746675e+00 -9.860604814392279e-04 1.460534338993351e+00
1.663656390754273e-04 1.906367307183047e+00 -9.982836405623672e-04 1.460534290776524e+00
1.684025517305697e-04 1.906366971641979e+00 -1.010505618616620e-03 1.460534242563625e+00
1.704392705871162e-04 1.906366636123316e+00 -1.022726419322530e-03 1.460534194354631e+00
1.724757951664135e-04 1.906366300627297e+00 -1.034946039810387e-03 1.460534146149575e+00
1.745121257426084e-04 1.906365965153711e+00 -1.047164481726888e-03 1.460534097948428e+00
1.765482622552725e-04 1.906365629702732e+00 -1.059381744711784e-03 1.460534049751215e+00
1.785842049636582e-04 1.906365294274224e+00 -1.071597830322521e-03 1.460534001557915e+00
1.806199536437869e-04 1.906364958868254e+00 -1.083812737217277e-03 1.460533953368538e+00
1.826555082362288e-04 1.906364623484849e+00 -1.096026465041541e-03 1.460533905183087e+00
1.846908684532716e-04 1.906364288124044e+00 -1.108239012071010e-03 1.460533857001568e+00
1.867260349301485e-04 1.906363952785608e+00 -1.120450382119003e-03 1.460533808823947e+00
1.887610074479427e-04 1.906363617469925e+00 -1.132660573874705e-03 1.460533760650279e+00
1.907957856479903e-04 1.906363282176634e+00 -1.144869585187294e-03 1.460533712480512e+00
1.928303695535710e-04 1.906362946906019e+00 -1.157077416199077e-03 1.460533664314687e+00
1.948647603504506e-04 1.906362611657784e+00 -1.169284074026680e-03 1.460533616152760e+00
1.968989567269430e-04 1.906362276432220e+00 -1.181489550801985e-03 1.460533567994774e+00
1.989329582082751e-04 1.906361941229297e+00 -1.193693843678124e-03 1.460533519840725e+00
2.009667667365638e-04 1.906361606048826e+00 -1.205896964310394e-03 1.460533471690583e+00
2.030003805443789e-04 1.906361270890898e+00 -1.218098902095606e-03 1.460533423544363e+00
2.050338004227159e-04 1.906360935755647e+00 -1.230299661782452e-03 1.460533375402084e+00
2.070670265833775e-04 1.906360600642841e+00 -1.242499244643402e-03 1.460533327263711e+00
2.091000576700132e-04 1.906360265552841e+00 -1.254697642542565e-03 1.460533279129297e+00
2.111328956679785e-04 1.906359930485190e+00 -1.266894867394051e-03 1.460533230998776e+00
2.111328961379591e-04 1.906359930485164e+00 -1.266894870214093e-03 1.460533230998772e+00
2.595878198155859e-04 1.906351940827401e+00 -1.557624808549196e-03 1.460532083532800e+00
3.080385201052746e-04 1.906343946455126e+00 -1.848321142429700e-03 1.460530935777167e+00
3.564850196463702e-04 1.906335947364808e+00 -2.138983981475774e-03 1.460529787731194e+00
4.049272439563734e-04 1.906327943569120e+00 -2.429612852635230e-03 1.460528639396524e+00
4.533652262883026e-04 1.906319935062683e+00 -2.720207929253299e-03 1.460527490772207e+00
5.017989148466334e-04 1.906311921854670e+00 -3.010768874459351e-03 1.460526341859384e+00
5.502283043408642e-04 1.906303903946084e+00 -3.301295630411480e-03 1.460525192658018e+00
5.986533719376038e-04 1.906295881341148e+00 -3.591788034054866e-03 1.460524043168536e+00
6.470741002555277e-04 1.906287854043086e+00 -3.882245955071304e-03 1.460522893391220e+00
6.954904580336316e-04 1.906279822057371e+00 -4.172669179915752e-03 1.460521743326672e+00
7.439024414703360e-04 1.906271785385227e+00 -4.463057659791019e-03 1.460520592974886e+00
7.923100051450877e-04 1.906263744034375e+00 -4.753411096285461e-03 1.460519442336783e+00
8.407131698676101e-04 1.906255698001940e+00 -5.043729588278016e-03 1.460518291411768e+00
8.891118870744707e-04 1.906247647296285e+00 -5.334012818571243e-03 1.460517140200854e+00
9.375061367625257e-04 1.906239591921167e+00 -5.624260641310260e-03 1.460515988704390e+00
9.858959303474986e-04 1.906231531875285e+00 -5.914473099101965e-03 1.460514836922005e+00
1.034281208963417e-03 1.906223467168736e+00 -6.204649813071649e-03 1.460513684854953e+00
1.082661979138163e-03 1.906215397800995e+00 -6.494790796570112e-03 1.460512532502972e+00
1.131038208977319e-03 1.906207323777811e+00 -6.784895832550388e-03 1.460511379866692e+00
1.179409878080659e-03 1.906199245103103e+00 -7.074964772932919e-03 1.460510226946482e+00
1.227776981793006e-03 1.906191161778173e+00 -7.364997564084519e-03 1.460509073742338e+00
1.276139487584757e-03 1.906183073808997e+00 -7.654993985252352e-03 1.460507920254919e+00
1.324497365324964e-03 1.906174981201015e+00 -7.944953830105694e-03 1.460506766484808e+00
1.372850631937719e-03 1.906166883952010e+00 -8.234877174491730e-03 1.460505612431495e+00
1.421199230623500e-03 1.906158782072071e+00 -8.524763652240712e-03 1.460504458096222e+00
1.469543171461250e-03 1.906150675560055e+00 -8.814613298211010e-03 1.460503303478633e+00
1.517882411415486e-03 1.906142564423741e+00 -9.104425828835283e-03 1.460502148579636e+00
1.566216936482958e-03 1.906134448666095e+00 -9.394201134648691e-03 1.460500993399458e+00
1.614546743782105e-03 1.906126328288092e+00 -9.683939172886862e-03 1.460499837938038e+00
1.662871793233050e-03 1.906118203297257e+00 -9.973639677816955e-03 1.460498682196248e+00
1.711192083869173e-03 1.906110073694292e+00 -1.026330261821681e-02 1.460497526173988e+00
1.759507586346465e-03 1.906101939484625e+00 -1.055292779277833e-02 1.460496369871827e+00
1.807818273823273e-03 1.906093800673636e+00 -1.084251501524039e-02 1.460495213290329e+00
1.856124154957087e-03 1.906085657260415e+00 -1.113206431215671e-02 1.460494056429162e+00
1.904425180874895e-03 1.906077509253844e+00 -1.142157536526891e-02 1.460492899289384e+00
1.952721341551927e-03 1.906069356656265e+00 -1.171104808921575e-02 1.460491741871121e+00
2.001012626236307e-03 1.906061199470278e+00 -1.200048239430768e-02 1.460490584174539e+00
2.049298997393539e-03 1.906053037702949e+00 -1.228987803036711e-02 1.460489426200434e+00
2.097580466337882e-03 1.906044871352997e+00 -1.257923504001457e-02 1.460488267948416e+00
2.145856982693462e-03 1.906036700429705e+00 -1.286855309618491e-02 1.460487109419594e+00
2.194128541700699e-03 1.906028524934555e+00 -1.315783214523145e-02 1.460485950613969e+00
2.242395127797912e-03 1.906020344871019e+00 -1.344707206880339e-02 1.460484791531824e+00
2.290656722908182e-03 1.906012160242841e+00 -1.373627273350587e-02 1.460483632173477e+00
2.338913297715723e-03 1.906003971055868e+00 -1.402543393863833e-02 1.460482472539547e+00
2.387164832129991e-03 1.905995777314246e+00 -1.431455553881583e-02 1.460481312630407e+00
2.435411321546348e-03 1.905987579019463e+00 -1.460363748147458e-02 1.460480152446056e+00
2.483652738319729e-03 1.905979376177161e+00 -1.489267957603416e-02 1.460478991987077e+00
2.531889059578506e-03 1.905971168791927e+00 -1.518168166054836e-02 1.460477831253904e+00
2.580120274391258e-03 1.905962956866547e+00 -1.547064364464985e-02 1.460476670246716e+00
2.628346361230845e-03 1.905954740405501e+00 -1.575956537451937e-02 1.460475508965929e+00
2.676567306296953e-03 1.905946519411895e+00 -1.604844674266217e-02 1.460474347411765e+00
2.724783065677774e-03 1.905938293894242e+00 -1.633728746123959e-02 1.460473185585209e+00
2.772993666949475e-03 1.905930063848704e+00 -1.662608767069770e-02 1.460472023485499e+00
2.821199041425297e-03 1.905921829287754e+00 -1.691484693485398e-02 1.460470861114177e+00
2.869399218792869e-03 1.905913590207284e+00 -1.720356540685906e-02 1.460469698470442e+00
2.917594137589616e-03 1.905905346618734e+00 -1.749224269389851e-02 1.460468535555687e+00
2.965783794464263e-03 1.905897098523702e+00 -1.778087875128738e-02 1.460467372369916e+00
3.013968177941486e-03 1.905888845924824e+00 -1.806947348569621e-02 1.460466208913275e+00
3.062147264813770e-03 1.905880588827267e+00 -1.835802673357676e-02 1.460465045186270e+00
3.110321037061563e-03 1.905872327234963e+00 -1.864653836247965e-02 1.460463881189231e+00
3.158489472226047e-03 1.905864061152686e+00 -1.893500821340823e-02 1.460462716922604e+00
3.206652551406808e-03 1.905855790584758e+00 -1.922343614871969e-02 1.460461552386772e+00
3.254810273720638e-03 1.905847515532323e+00 -1.951182213869688e-02 1.460460387581669e+00
3.302962591237573e-03 1.905839236004627e+00 -1.980016587192652e-02 1.460459222508368e+00
3.351109500497679e-03 1.905830952003191e+00 -2.008846730333289e-02 1.460458057166854e+00
3.399250985308821e-03 1.905822663531898e+00 -2.037672631163452e-02 1.460456891557445e+00
3.447387022549450e-03 1.905814370595719e+00 -2.066494273409173e-02 1.460455725680607e+00
3.495517603508708e-03 1.905806073197286e+00 -2.095311649429052e-02 1.460454559536482e+00
3.543642698270394e-03 1.905797771342715e+00 -2.124124738888279e-02 1.460453393125696e+00
3.591762274051145e-03 1.905789465038747e+00 -2.152933519740617e-02 1.460452226448963e+00
3.639876357685786e-03 1.905781154281989e+00 -2.181738005636391e-02 1.460451059505574e+00
3.687984878230802e-03 1.905772839085575e+00 -2.210538151690544e-02 1.460449892297139e+00
3.736087858514229e-03 1.905764519446947e+00 -2.239333969161455e-02 1.460448724823063e+00
3.784185262091232e-03 1.905756195373188e+00 -2.268125433824868e-02 1.460447557084104e+00
3.832277072571813e-03 1.905747866868490e+00 -2.296912533468390e-02 1.460446389080615e+00
3.880363262609994e-03 1.905739533938613e+00 -2.325695249324159e-02 1.460445220813165e+00
3.928443828266193e-03 1.905731196585430e+00 -2.354473576639018e-02 1.460444052281779e+00
3.976518739670394e-03 1.905722854815435e+00 -2.383247495143236e-02 1.460442883487128e+00
4.024587994702685e-03 1.905714508629960e+00 -2.412017001178574e-02 1.460441714429159e+00
4.072651553994709e-03 1.905706158037080e+00 -2.440782068798315e-02 1.460440545108764e+00
4.120709417145786e-03 1.905697803038179e+00 -2.469542695381794e-02 1.460439375525894e+00
4.168761553482355e-03 1.905689443639673e+00 -2.498298860193586e-02 1.460438205681206e+00
4.216807953597360e-03 1.905681079844465e+00 -2.527050555229915e-02 1.460437035574863e+00
4.264848598536851e-03 1.905672711657094e+00 -2.555797766777281e-02 1.460435865207258e+00
4.312883465288592e-03 1.905664339082842e+00 -2.584540478697932e-02 1.460434694578885e+00
4.360912528158963e-03 1.905655962127290e+00 -2.613278673253236e-02 1.460433523690279e+00
4.408935795541068e-03 1.905647580790458e+00 -2.642012353105522e-02 1.460432352541198e+00
4.456953216676566e-03 1.905639195082395e+00 -2.670741485527285e-02 1.460431181132799e+00
4.504964797250669e-03 1.905630805003418e+00 -2.699466071567017e-02 1.460430009464880e+00
4.552970501714961e-03 1.905622410560872e+00 -2.728186087606082e-02 1.460428837538218e+00
4.600970342011556e-03 1.905614011754284e+00 -2.756901538443848e-02 1.460427665352500e+00
4.648964268961162e-03 1.905605608593405e+00 -2.785612392315426e-02 1.460426492908836e+00
4.696952258624469e-03 1.905597201083721e+00 -2.814318632561470e-02 1.460425320207743e+00
4.744934329693523e-03 1.905588789223433e+00 -2.843020268028517e-02 1.460424147248719e+00
4.792910439541398e-03 1.905580373021281e+00 -2.871717270885395e-02 1.460422974032731e+00
4.840880565971864e-03 1.905571952482567e+00 -2.900409625527732e-02 1.460421800560266e+00
4.888844715226800e-03 1.905563527607541e+00 -2.929097333363922e-02 1.460420626831107e+00
4.936802822956459e-03 1.905555098408960e+00 -2.957780353585707e-02 1.460419452846777e+00
4.984754933077381e-03 1.905546664880439e+00 -2.986458710141161e-02 1.460418278606132e+00
4.984754939332593e-03 1.905546664879314e+00 -2.986458713881971e-02 1.460418278605976e+00
6.127282310598944e-03 1.905344130235979e+00 -3.669436119645293e-02 1.460390180894425e+00
7.268635438642488e-03 1.905138744438513e+00 -4.351063207806315e-02 1.460361880665402e+00
8.408574114497004e-03 1.904930555332937e+00 -5.031162352749825e-02 1.460333381958953e+00
9.546860599354884e-03 1.904719614617370e+00 -5.709558429091400e-02 1.460304689060132e+00
1.068326500909186e-02 1.904505976808137e+00 -6.386082099670690e-02 1.460275806371791e+00
1.181756122393317e-02 1.904289699927692e+00 -7.060567446730091e-02 1.460246738523564e+00
1.294953050004433e-02 1.904070844749460e+00 -7.732854186569740e-02 1.460217490285432e+00
1.407896032921377e-02 1.903849474912617e+00 -8.402787046540378e-02 1.460188066600053e+00
1.520564537293735e-02 1.903625656631326e+00 -9.070216369478780e-02 1.460158472560933e+00
1.632938733355088e-02 1.903399458594908e+00 -9.734998079575363e-02 1.460128713416529e+00
1.744999617109229e-02 1.903170951586739e+00 -1.039699443729959e-01 1.460098794537585e+00
1.856728878462899e-02 1.902940208602646e+00 -1.105607328739110e-01 1.460068721450235e+00
1.968109163763427e-02 1.902707304152747e+00 -1.171210962877934e-01 1.460038499762274e+00
2.079123782566884e-02 1.902472314700601e+00 -1.236498389822276e-01 1.460008135237642e+00
2.189756940528570e-02 1.902235318007772e+00 -1.301458335049059e-01 1.459977633728017e+00
2.299993751846867e-02 1.901996392918434e+00 -1.366080212820599e-01 1.459947001161801e+00
2.409820011846759e-02 1.901755619666764e+00 -1.430353992210127e-01 1.459916243599328e+00
2.519222502254162e-02 1.901513079028096e+00 -1.494270374837276e-01 1.459885367139272e+00
2.628188752324729e-02 1.901268852647747e+00 -1.557820653118221e-01 1.459854377975347e+00
2.736707142690850e-02 1.901023022622581e+00 -1.620996768762235e-01 1.459823282356686e+00
2.844766904640131e-02 1.900775671307437e+00 -1.683791309388089e-01 1.459792086576424e+00
2.952358008251758e-02 1.900526881379015e+00 -1.746197440225854e-01 1.459760796991872e+00
3.059471216223748e-02 1.900276735526470e+00 -1.808208931904670e-01 1.459729419996690e+00
3.166098161613413e-02 1.900025316079547e+00 -1.869820201251844e-01 1.459697961984790e+00
3.272231062042409e-02 1.899772705495772e+00 -1.931026141694633e-01 1.459666429420899e+00
3.377863009284221e-02 1.899518985499703e+00 -1.991822286053148e-01 1.459634828741544e+00
3.482987681550103e-02 1.899264237592014e+00 -2.052204635725808e-01 1.459603166426524e+00
3.587599499610618e-02 1.899008542507967e+00 -2.112169745698024e-01 1.459571448938403e+00
3.691693562538718e-02 1.898751980205285e+00 -2.171714682227139e-01 1.459539682727353e+00
3.795265516377888e-02 1.898494630030552e+00 -2.230836942458207e-01 1.459507874257151e+00
3.898311694947589e-02 1.898236570221036e+00 -2.289534529600650e-01 1.459476029948187e+00
4.000828947573777e-02 1.897977878186918e+00 -2.347805849105618e-01 1.459444156216361e+00
4.102814676203111e-02 1.897718630282923e+00 -2.405649724542122e-01 1.459412259448124e+00
4.204266882189977e-02 1.897458901555610e+00 -2.463065418509635e-01 1.459380345972093e+00
4.305183941482570e-02 1.897198766192204e+00 -2.520052499853597e-01 1.459348422116276e+00
4.405564782023592e-02 1.896938296951232e+00 -2.576610938822099e-01 1.459316494139583e+00
4.505408773090701e-02 1.896677565333191e+00 -2.632741039028192e-01 1.459284568253821e+00
4.604715648259107e-02 1.896416641679256e+00 -2.688443389008280e-01 1.459252650636252e+00
4.703485635987046e-02 1.896155594730666e+00 -2.743718930366145e-01 1.459220747375726e+00
4.801719207654014e-02 1.895894492201406e+00 -2.798568811522704e-01 1.459188864542399e+00
4.899417274989445e-02 1.895633400172770e+00 -2.852994493422629e-01 1.459157008113000e+00
4.996581050131339e-02 1.895372383384469e+00 -2.906997666418465e-01 1.459125184005404e+00
5.093212042888329e-02 1.895111505170568e+00 -2.960580244219646e-01 1.459093398069474e+00
5.189312019933371e-02 1.894850827503078e+00 -3.013744336833918e-01 1.459061656090771e+00
5.284883027654178e-02 1.894590410869687e+00 -3.066492258938932e-01 1.459029963773854e+00
5.379927383775625e-02 1.894330314238362e+00 -3.118826520921812e-01 1.458998326735963e+00
5.474447580542887e-02 1.894070595271568e+00 -3.170749771498761e-01 1.458966750530913e+00
5.568446325663207e-02 1.893811310168421e+00 -3.222264816527374e-01 1.458935240627512e+00
5.661926535584711e-02 1.893552513641502e+00 -3.273374611526926e-01 1.458903802404321e+00
5.754891277339470e-02 1.893294259039647e+00 -3.324082226273429e-01 1.458872441161986e+00
5.847343788670584e-02 1.893036598259651e+00 -3.374390852454295e-01 1.458841162109875e+00
5.939287388918581e-02 1.892779581965614e+00 -3.424303751992090e-01 1.458809970389981e+00
6.030725661748829e-02 1.892523259052316e+00 -3.473824353165579e-01 1.458778871009030e+00
6.121662121899074e-02 1.892267677556104e+00 -3.522956066942264e-01 1.458747868946231e+00
6.212100571068536e-02 1.892012883637977e+00 -3.571702476949278e-01 1.458716969027067e+00
6.302044729088495e-02 1.891758922604457e+00 -3.620067137544022e-01 1.458686176044315e+00
6.391498503814502e-02 1.891505838135021e+00 -3.668053717012317e-01 1.458655494661524e+00
6.480465858337341e-02 1.891253672645548e+00 -3.715665923523535e-01 1.458624929454303e+00
6.568950790252336e-02 1.891002467339074e+00 -3.762907491922454e-01 1.458594484913670e+00
6.656957358948040e-02 1.890752262123582e+00 -3.809782196299676e-01 1.458564165433366e+00
6.744489657070016e-02 1.890503095688918e+00 -3.856293832786956e-01 1.458533975316444e+00
6.831551817455928e-02 1.890255005485797e+00 -3.902446221421967e-01 1.458503918770076e+00
6.918148031782828e-02 1.890008027672421e+00 -3.948243214210144e-01 1.458473999896468e+00
7.004282427716976e-02 1.889762197466714e+00 -3.993688628546781e-01 1.458444222732966e+00
7.089959226512953e-02 1.889517548700343e+00 -4.038786329065681e-01 1.458414591195537e+00
7.175182633665859e-02 1.889274114135114e+00 -4.083540168357303e-01 1.458385109114644e+00
7.259956845402102e-02 1.889031925450517e+00 -4.127953989177262e-01 1.458355780231364e+00
7.344286079879868e-02 1.888791013161954e+00 -4.172031639566770e-01 1.458326608185169e+00
7.428174511924653e-02 1.888551406815119e+00 -4.215776937554246e-01 1.458297596535218e+00
7.511626299888763e-02 1.888313134918485e+00 -4.259193684263199e-01 1.458268748750000e+00
7.594645689164040e-02 1.888076224657698e+00 -4.302285716616769e-01 1.458240068170647e+00
7.677236739430236e-02 1.887840702685175e+00 -4.345056764727527e-01 1.458211558104493e+00
7.759403647042425e-02 1.887606594211149e+00 -4.387510618423864e-01 1.458183221713050e+00
7.841150484923312e-02 1.887373923758159e+00 -4.429650991604845e-01 1.458155062101453e+00
7.922481329676591e-02 1.887142714810907e+00 -4.471481587411075e-01 1.458127082274232e+00
8.003400211530594e-02 1.886912989971762e+00 -4.513006071730785e-01 1.458099285152364e+00
8.083911166744198e-02 1.886684770825746e+00 -4.554228099504004e-01 1.458071673555244e+00
8.164018153338845e-02 1.886458078193458e+00 -4.595151270961394e-01 1.458044250229652e+00
8.243725141442849e-02 1.886232931889252e+00 -4.635779177386697e-01 1.458017017818926e+00
8.323036000707611e-02 1.886009351053956e+00 -4.676115343208105e-01 1.457989978901703e+00
8.401954625986294e-02 1.885787353814872e+00 -4.716163289667240e-01 1.457963135949359e+00
8.480484823344800e-02 1.885566957621913e+00 -4.755926476451808e-01 1.457936491365279e+00
8.558630391842638e-02 1.885348179032499e+00 -4.795408342929608e-01 1.457910047457523e+00
8.636395073058088e-02 1.885131033868482e+00 -4.834612282266327e-01 1.457883806456537e+00
8.713782559184005e-02 1.884915537208410e+00 -4.873541645341326e-01 1.457857770513009e+00
8.790796495853850e-02 1.884701703394727e+00 -4.912199741995451e-01 1.457831941697595e+00
8.867440537419129e-02 1.884489545895881e+00 -4.950589868529616e-01 1.457806321983157e+00
8.943718200806666e-02 1.884279077726802e+00 -4.988715234314031e-01 1.457780913294517e+00
9.019633048036897e-02 1.884070310958585e+00 -5.026579053099941e-01 1.457755717448237e+00
9.095188531588815e-02 1.883863257161096e+00 -5.064184465572568e-01 1.457730736205126e+00
9.170388131494897e-02 1.883657927041257e+00 -5.101534607641868e-01 1.457705971225685e+00
9.245235189115554e-02 1.883454330913115e+00 -5.138632527718194e-01 1.457681424125963e+00
9.319733040067217e-02 1.883252478348506e+00 -5.175481252850550e-01 1.457657096434610e+00
9.393885040451284e-02 1.883052378123194e+00 -5.212083801451802e-01 1.457632989585638e+00
9.467694407128643e-02 1.882854038663790e+00 -5.248443104382156e-01 1.457609104971566e+00
9.541164343827788e-02 1.882657467720271e+00 -5.284562067385674e-01 1.457585443903257e+00
9.614298053877855e-02 1.882462672348404e+00 -5.320443577218545e-01 1.457562007607190e+00
9.687098588310809e-02 1.882269659328492e+00 -5.356090427190765e-01 1.457538797275226e+00
9.759569119698186e-02 1.882078434452136e+00 -5.391505451453423e-01 1.457515813978260e+00
9.759569129181962e-02 1.882078434427162e+00 -5.391505456083310e-01 1.457515813975259e+00
1.139830009985303e-01 1.878052644780555e+00 -6.174361606809213e-01 1.457036432045147e+00
1.288781116643315e-01 1.875036013489726e+00 -6.858558547730983e-01 1.456689384382882e+00
1.425272233324160e-01 1.872945785475644e+00 -7.465642000843237e-01 1.456466430612598e+00
1.551173967793395e-01 1.871653561535148e+00 -8.010893571208746e-01 1.456351679381880e+00
1.667984167905536e-01 1.871017485562201e+00 -8.505439011413470e-01 1.456326252806632e+00
1.776947446683887e-01 1.870901113815962e+00 -8.957614897596008e-01 1.456371319183374e+00
1.879119390065319e-01 1.871183036707024e+00 -9.373840608571111e-01 1.456469786584822e+00
1.975402343066522e-01 1.871760535122491e+00 -9.759176323870551e-01 1.456607049062706e+00
2.066568723498920e-01 1.872549724592754e+00 -1.011769008174452e+00 1.456771139527543e+00
2.153278696373981e-01 1.873483882345459e+00 -1.045270552385435e+00 1.456952556699557e+00
2.236095336558759e-01 1.874511026425315e+00 -1.076697488236706e+00 1.457143944362180e+00
2.315497976796177e-01 1.875591357986510e+00 -1.106280243488533e+00 1.457339728859539e+00
2.391894470482589e-01 1.876694887703423e+00 -1.134213645020933e+00 1.457535772933685e+00
2.465631704305700e-01 1.877799371222956e+00 -1.160663718324484e+00 1.457729070204626e+00
2.537005141830569e-01 1.878888596236882e+00 -1.185773034285134e+00 1.457917490233720e+00
2.606266913415543e-01 1.879950994708972e+00 -1.209664836188471e+00 1.458099571575748e+00
2.673632568640698e-01 1.880978538856793e+00 -1.232446258459488e+00 1.458274357343120e+00
2.739287094272299e-01 1.881965881170469e+00 -1.254211009724717e+00 1.458441267707557e+00
2.803389656186360e-01 1.882909682969913e+00 -1.275041437323850e+00 1.458600000805522e+00
2.866077752175543e-01 1.883808100337584e+00 -1.295010274188386e+00 1.458750457480896e+00
2.927470619001968e-01 1.884660389947698e+00 -1.314182054615500e+00 1.458892684062450e+00
2.987672008326097e-01 1.885466608084121e+00 -1.332614266272658e+00 1.459026829099393e+00
3.046772584121240e-01 1.886227383642413e+00 -1.350358336144760e+00 1.459153111150772e+00
3.104851936351116e-01 1.886943746918099e+00 -1.367460458900028e+00 1.459271794832895e+00
3.161980071887517e-01 1.887616998668405e+00 -1.383962237772315e+00 1.459383172737849e+00
3.218218951540882e-01 1.888248615721708e+00 -1.399901312775334e+00 1.459487552753675e+00
3.273623491945657e-01 1.888840177616533e+00 -1.415311809922119e+00 1.459585248335227e+00
3.328242623791874e-01 1.889393314966694e+00 -1.430224787655015e+00 1.459676571938587e+00
3.382120079639969e-01 1.889909670734097e+00 -1.444668588738039e+00 1.459761830238851e+00
3.435295023424307e-01 1.890390872136097e+00 -1.458669134179916e+00 1.459841320819589e+00
3.487802716391698e-01 1.890838512076256e+00 -1.472250212669386e+00 1.459915330201881e+00
3.539674934700716e-01 1.891254135210797e+00 -1.485433691445405e+00 1.459984132447841e+00
3.590940422751794e-01 1.891639229643011e+00 -1.498239725946221e+00 1.460047988536828e+00
3.641625289309637e-01 1.891995221971990e+00 -1.510686943873091e+00 1.460107146167263e+00
3.691753217080742e-01 1.892323473917441e+00 -1.522792574108342e+00 1.460161839712016e+00
3.741345830767711e-01 1.892625282255397e+00 -1.534572606802970e+00 1.460212290634749e+00
3.790422884478183e-01 1.892901879023291e+00 -1.546041901520768e+00 1.460258707878182e+00
3.839002436014121e-01 1.893154432872800e+00 -1.557214286567588e+00 1.460301288382361e+00
3.887101096656918e-01 1.893384051595364e+00 -1.568102669699490e+00 1.460340217749480e+00
3.934734071320373e-01 1.893591784101368e+00 -1.578719095378603e+00 1.460375670774568e+00
3.981915399082375e-01 1.893778623754927e+00 -1.589074843082325e+00 1.460407812170754e+00
4.028658012530397e-01 1.893945511026456e+00 -1.599180480142859e+00 1.460436797150786e+00
4.074973849915833e-01 1.894093336525361e+00 -1.609045922950527e+00 1.460462772049465e+00
4.120873936647760e-01 1.894222943939027e+00 -1.618680488027644e+00 1.460485874910841e+00
4.166368486428805e-01 1.894335132991458e+00 -1.628092944104861e+00 1.460506236063699e+00
4.211466978007111e-01 1.894430662227031e+00 -1.637291556009151e+00 1.460523978654516e+00
4.256178181766496e-01 1.894510251594863e+00 -1.646284115862066e+00 1.460539219134386e+00
4.300510244901010e-01 1.894574585056720e+00 -1.655077984101060e+00 1.460552067743146e+00
4.344470747230305e-01 1.894624312973577e+00 -1.663680122203127e+00 1.460562628948405e+00
4.388066727466780e-01 1.894660054323239e+00 -1.672097117759066e+00 1.460571001848796e+00
4.431304741356856e-01 1.894682398823927e+00 -1.680335214151527e+00 1.460577280558049e+00
4.474190864366530e-01 1.894691908882576e+00 -1.688400328042487e+00 1.460581554552499e+00
4.516730817356324e-01 1.894689121440553e+00 -1.696298088620754e+00 1.460583909005667e+00
4.558929848181624e-01 1.894674549650227e+00 -1.704033829791025e+00 1.460584425076283e+00
4.600792931166966e-01 1.894648684434090e+00 -1.711612640442788e+00 1.460583180195049e+00
4.642324626924523e-01 1.894611995990138e+00 -1.719039350947301e+00 1.460580248317410e+00
4.683529236060271e-01 1.894564935074159e+00 -1.726318572473618e+00 1.460575700158122e+00
4.724410763844565e-01 1.894507934260466e+00 -1.733454700915269e+00 1.460569603407414e+00
4.764972935105336e-01 1.894441409102532e+00 -1.740451929341545e+00 1.460562022932625e+00
4.805219229146720e-01 1.894365759167326e+00 -1.747314263145651e+00 1.460553020959569e+00
4.845152887463233e-01 1.894281369019785e+00 -1.754045529744616e+00 1.460542657242544e+00
4.884776936112896e-01 1.894188609104090e+00 -1.760649390185062e+00 1.460530989217732e+00
4.924094211977638e-01 1.894087836531005e+00 -1.767129350730498e+00 1.460518072140884e+00
4.963107323576589e-01 1.893979395970503e+00 -1.773488763182880e+00 1.460503959235540e+00
5.001818738038246e-01 1.893863620157471e+00 -1.779730845507523e+00 1.460488701788802e+00
5.040230745805817e-01 1.893740830648206e+00 -1.785858681824191e+00 1.460472349276546e+00
5.078345477068857e-01 1.893611338400765e+00 -1.791875230596033e+00 1.460454949463954e+00
5.116164928272006e-01 1.893475444261049e+00 -1.797783333942434e+00 1.460436548491302e+00
5.153690944532628e-01 1.893333439555403e+00 -1.803585719659635e+00 1.460417190972414e+00
5.190925242703556e-01 1.893185606506655e+00 -1.809285009363069e+00 1.460396920067905e+00
5.227869467661351e-01 1.893032218454398e+00 -1.814883731203558e+00 1.460375777529838e+00
5.264525080344414e-01 1.892873540732423e+00 -1.820384306758697e+00 1.460353803835696e+00
5.300893510287553e-01 1.892709830426143e+00 -1.825789077839520e+00 1.460331038167047e+00
5.336976048381668e-01 1.892541337185379e+00 -1.831100293746919e+00 1.460307518532800e+00
5.372773911279634e-01 1.892368303281807e+00 -1.836320124190837e+00 1.460283281787184e+00
5.408288226707361e-01 1.892190963985170e+00 -1.841450660147345e+00 1.460258363691067e+00
5.443520063424292e-01 1.892009547703465e+00 -1.846493921058794e+00 1.460232798939547e+00
5.478470400835285e-01 1.891824276404669e+00 -1.851451853148413e+00 1.460206621228442e+00
5.513140174696478e-01 1.891635365631612e+00 -1.856326338498656e+00 1.460179863262930e+00
5.547530233871674e-01 1.891443024967693e+00 -1.861119191331552e+00 1.460152556829297e+00
5.581641400431020e-01 1.891247457928287e+00 -1.865832168717484e+00 1.460124732784906e+00
5.615474425345889e-01 1.891048862411218e+00 -1.870466966513467e+00 1.460096421126972e+00
5.649030028723263e-01 1.890847430660864e+00 -1.875025226958468e+00 1.460067650991854e+00
5.682308882569095e-01 1.890643349547632e+00 -1.879508538196047e+00 1.460038450698829e+00
5.715311618623521e-01 1.890436800694557e+00 -1.883918437171107e+00 1.460008847771777e+00
5.748038833638531e-01 1.890227960607163e+00 -1.888256412061663e+00 1.459978868960998e+00
5.780491116593797e-01 1.890017000648902e+00 -1.892523907480043e+00 1.459948540242517e+00
5.812668990287441e-01 1.889804087563415e+00 -1.896722318313847e+00 1.459917886895718e+00
5.844572992026842e-01 1.889589383087602e+00 -1.900853001801163e+00 1.459886933450054e+00
5.876203611429509e-01 1.889373044490594e+00 -1.904917270774440e+00 1.459855703764703e+00
5.907561350979239e-01 1.889155224290186e+00 -1.908916402813748e+00 1.459824220989534e+00
5.938646659310984e-01 1.888936070830615e+00 -1.912851632950529e+00 1.459792507650197e+00
5.969459989471861e-01 1.888715727997911e+00 -1.916724162346130e+00 1.459760585608518e+00
6.000001811833995e-01 1.888494335227481e+00 -1.920535160964991e+00 1.459728476064753e+00
6.030272550424924e-01 1.888272028068069e+00 -1.924285760687608e+00 1.459696199640460e+00
6.060272637289512e-01 1.888048937895827e+00 -1.927977063188778e+00 1.459663776338087e+00
6.090002519380359e-01 1.887825191954833e+00 -1.931610141714717e+00 1.459631225547617e+00
6.119462598696501e-01 1.887600913903339e+00 -1.935186034719434e+00 1.459598566126759e+00
6.148653345050129e-01 1.887376223052574e+00 -1.938705760504477e+00 1.459565816290758e+00
6.148653348862295e-01 1.887376223023073e+00 -1.938705760962623e+00 1.459565816286456e+00
6.766620476278062e-01 1.882138415167263e+00 -2.008232532867551e+00 1.458795386247655e+00
7.240925153462457e-01 1.877701633590970e+00 -2.056093697074649e+00 1.458134521888817e+00
7.584878908781398e-01 1.874422808028231e+00 -2.088408836077813e+00 1.457642141864625e+00
7.816613265400915e-01 1.872286877463166e+00 -2.109266805573804e+00 1.457319770954150e+00
7.956066949372717e-01 1.871130017085304e+00 -2.121587729965619e+00 1.457144770128056e+00
8.022481434475003e-01 1.870754857822024e+00 -2.127535211158234e+00 1.457088172460924e+00
8.032983160154158e-01 1.870978186103627e+00 -2.128744192601646e+00 1.457122439588836e+00
8.002039216353959e-01 1.871645226430868e+00 -2.126463418610316e+00 1.457224012853184e+00
7.941441818404807e-01 1.872630373655928e+00 -2.121652472152826e+00 1.457373649455326e+00
7.860555603182144e-01 1.873833662581180e+00 -2.115051297241662e+00 1.457556000385962e+00
7.766665675117334e-01 1.875176561313558e+00 -2.107231474465766e+00 1.457759019793386e+00
7.665339764254003e-01 1.876598167120605e+00 -2.098634723509572e+00 1.457973399722089e+00
7.560762337266500e-01 1.878051989575958e+00 -2.089602105640072e+00 1.458192076343356e+00
7.456024791430549e-01 1.879503241110760e+00 -2.080396398742763e+00 1.458409805963478e+00
7.353367098656162e-01 1.880926555527441e+00 -2.071219270870042e+00 1.458622804483927e+00
7.254374290048859e-01 1.882304056966474e+00 -2.062224556129051e+00 1.458828441467848e+00
7.160133254718528e-01 1.883623733850269e+00 -2.053528562950035e+00 1.459024983118940e+00
7.071355433725618e-01 1.884878093543991e+00 -2.045218048849446e+00 1.459211380683164e+00
6.988472476686558e-01 1.886063053977638e+00 -2.037356479223622e+00 1.459387097377804e+00
6.911709535987729e-01 1.887177053292264e+00 -2.029988902624034e+00 1.459551970451230e+00
6.841141253533333e-01 1.888220342084573e+00 -2.023145788264810e+00 1.459706102484023e+00
6.776734243494925e-01 1.889194429696348e+00 -2.016846060076584e+00 1.459849777127744e+00
6.718378975506037e-01 1.890101660324240e+00 -2.011099490732362e+00 1.459983395212855e+00
6.665913633522368e-01 1.890944893006638e+00 -2.005908607052768e+00 1.460107427007834e+00
6.619142029957479e-01 1.891727261684920e+00 -2.001270230563631e+00 1.460222376828676e+00
6.577846582865436e-01 1.892452005121545e+00 -1.997176688736487e+00 1.460328758277950e+00
6.541798060206955e-01 1.893122342891065e+00 -1.993616816369661e+00 1.460427076462017e+00
6.510762484639410e-01 1.893741393345550e+00 -1.990576749156854e+00 1.460517816479558e+00
6.484506157346503e-01 1.894312119110505e+00 -1.988040577069578e+00 1.460601435990115e+00
6.462799200892390e-01 1.894837294096732e+00 -1.985990877108328e+00 1.460678360936073e+00
6.445417931490853e-01 1.895319487895027e+00 -1.984409142202546e+00 1.460748983784542e+00
6.432146487275625e-01 1.895761059930606e+00 -1.983276138133256e+00 1.460813663157059e+00
6.422777802441069e-01 1.896164162764735e+00 -1.982572190973379e+00 1.460872724750399e+00
6.417114152879917e-01 1.896530750744488e+00 -1.982277422987844e+00 1.460926462990238e+00
6.414967395831337e-01 1.896862591201039e+00 -1.982371945520384e+00 1.460975143008890e+00
6.416158949335808e-01 1.897161279281087e+00 -1.982836013583219e+00 1.461019003109466e+00
6.420519631751339e-01 1.897428252756284e+00 -1.983650151801432e+00 1.461058257185055e+00
6.427889374593680e-01 1.897664807414530e+00 -1.984795253626794e+00 1.461093097185878e+00
6.438116875794028e-01 1.897872112774149e+00 -1.986252661800980e+00 1.461123695601503e+00
6.451059176528793e-01 1.898051226368426e+00 -1.988004226596475e+00 1.461150207704589e+00
6.466581250459839e-01 1.898203108288573e+00 -1.990032355020270e+00 1.461172773809112e+00
6.484555550087748e-01 1.898328634082795e+00 -1.992320043007085e+00 1.461191521266350e+00
6.504861563596274e-01 1.898428606996033e+00 -1.994850898916724e+00 1.461206566347081e+00
6.527385371796408e-01 1.898503769153861e+00 -1.997609157484595e+00 1.461218015954332e+00
6.552019231214686e-01 1.898554811804432e+00 -2.000579688267731e+00 1.461225969186280e+00
6.578661169497256e-01 1.898582384520079e+00 -2.003747997589855e+00 1.461230518736678e+00
6.607214571894408e-01 1.898587103458887e+00 -2.007100222358398e+00 1.461231752148943e+00
6.637587822759821e-01 1.898569558813919e+00 -2.010623124129596e+00 1.461229752945397e+00
6.669693957344563e-01 1.898530321374872e+00 -2.014304078650339e+00 1.461224601621115e+00
6.703450315472438e-01 1.898469948341881e+00 -2.018131060673400e+00 1.461216376523848e+00
6.738778240560298e-01 1.898388988401558e+00 -2.022092629631068e+00 1.461205154623285e+00
6.775602757274380e-01 1.898287986222302e+00 -2.026177909107687e+00 1.461191012192210e+00
6.813852376013693e-01 1.898167486046811e+00 -2.030376577103085e+00 1.461174025355713e+00
6.853458706715133e-01 1.898028035311604e+00 -2.034678832325265e+00 1.461154270639548e+00
6.894356374608663e-01 1.897870186883538e+00 -2.039075391235695e+00 1.461131825320168e+00
6.936482643703368e-01 1.897694501845271e+00 -2.043557451041219e+00 1.461106767849465e+00
6.979777335596422e-01 1.897501550845724e+00 -2.048116682879281e+00 1.461079178073850e+00
7.024182585436555e-01 1.897291915696627e+00 -2.052745205799296e+00 1.461049137486342e+00
7.069642659022998e-01 1.897066190455392e+00 -2.057435566104225e+00 1.461016729404286e+00
7.116103807866552e-01 1.896824982050971e+00 -2.062180719534294e+00 1.460982039080544e+00
7.163514109453109e-01 1.896568910731774e+00 -2.066974010976329e+00 1.460945153788248e+00
7.211823337491592e-01 1.896298610147090e+00 -2.071809156504102e+00 1.460906162852093e+00
7.260982851280325e-01 1.896014727122640e+00 -2.076680226675931e+00 1.460865157634765e+00
7.310945414505166e-01 1.895717921684296e+00 -2.081581622392271e+00 1.460822231558531e+00
7.361665183206472e-01 1.895408865958727e+00 -2.086508067130179e+00 1.460777479963807e+00
7.413097552169882e-01 1.895088243759671e+00 -2.091454584817889e+00 1.460731000065816e+00
7.465199074615877e-01 1.894756749650655e+00 -2.096416484797686e+00 1.460682890834643e+00
7.517927406573135e-01 1.894415087753057e+00 -2.101389348940034e+00 1.460633252837223e+00
7.571241199522228e-01 1.894063970812324e+00 -2.106369013754729e+00 1.460582188115590e+00
7.625100056421102e-01 1.893704118805374e+00 -2.111351558515509e+00 1.460529799997249e+00
7.679464547068019e-01 1.893336257091164e+00 -2.116333298711850e+00 1.460476192837419e+00
7.734295983960229e-01 1.892961116150898e+00 -2.121310757550594e+00 1.460421471991353e+00
7.789556592665222e-01 1.892579428651194e+00 -2.126280673750091e+00 1.460365743394967e+00
7.845209305321187e-01 1.892191929058263e+00 -2.131239974940688e+00 1.460309113515543e+00
7.901217814674872e-01 1.891799351487917e+00 -2.136185774936652e+00 1.460251689043405e+00
7.957546515028404e-01 1.891402428349166e+00 -2.141115360883938e+00 1.460193576697512e+00
8.014160517651387e-01 1.891001888498767e+00 -2.146026187155607e+00 1.460134882957620e+00
8.071025574892031e-01 1.890598456079550e+00 -2.150915861435099e+00 1.460075713894665e+00
8.128108130195196e-01 1.890192848518606e+00 -2.155782141934288e+00 1.460016174876133e+00
8.185375227625947e-01 1.889785775577763e+00 -2.160622922699235e+00 1.459956370423851e+00
8.242794594348792e-01 1.889377937240308e+00 -2.165436233898824e+00 1.459896403899124e+00
8.300334553684658e-01 1.888970022871883e+00 -2.170220227916309e+00 1.459836377373155e+00
8.357964081708537e-01 1.888562709438179e+00 -2.174973177783303e+00 1.459776391357165e+00
8.415652769800644e-01 1.888156660471803e+00 -2.179693467930368e+00 1.459716544640999e+00
8.473370831276552e-01 1.887752524810751e+00 -2.184379588869681e+00 1.459656934096643e+00
8.531089105717501e-01 1.887350935442002e+00 -2.189030131894951e+00 1.459597654495771e+00
8.588779104164119e-01 1.886952508155578e+00 -2.193643787256159e+00 1.459538798297940e+00
8.646412903545483e-01 1.886557841334973e+00 -2.198219330491933e+00 1.459480455605444e+00
8.703963289099402e-01 1.886167514127603e+00 -2.202755628847044e+00 1.459422713877859e+00
8.761403643150194e-01 1.885782086458033e+00 -2.207251627668843e+00 1.459365657917967e+00
8.818708054751171e-01 1.885402097630266e+00 -2.211706354527207e+00 1.459309369648327e+00
8.875851199002477e-01 1.885028066572501e+00 -2.216118905502510e+00 1.459253928130351e+00
8.932808443799266e-01 1.884660490651747e+00 -2.220488449476748e+00 1.459199409371224e+00
8.989555875607310e-01 1.884299845145447e+00 -2.224814226183993e+00 1.459145886227643e+00
9.046070182215737e-01 1.883946583705034e+00 -2.229095533625919e+00 1.459093428456689e+00
9.102328753619887e-01 1.883601137500974e+00 -2.233331732417683e+00 1.459042102571104e+00
9.158309695653877e-01 1.883263915034825e+00 -2.237522243562289e+00 1.458991971793538e+00
9.213991716825597e-01 1.882935302781995e+00 -2.241666536999043e+00 1.458943096134591e+00
9.269354340049799e-01 1.882615663968849e+00 -2.245764144623306e+00 1.458895532193819e+00
