3.648380346518124e-02
3.588010709965557e-02
3.528159087581369e-02
3.468825782458089e-02
3.410011649166295e-02
3.351718031375885e-02
3.293946704840980e-02
3.236699820765319e-02
3.179979851753804e-02
3.123789539565566e-02
3.068131848154532e-02
3.013009914980732e-02
2.958427008886869e-02
2.903510779137947e-02
2.850039796453691e-02
2.797117283743520e-02
2.744746655383160e-02
2.692931278828433e-02
2.641674446974450e-02
2.590979351484286e-02
2.540849059685811e-02
2.491286493354845e-02
2.442294409406857e-02
2.393875383224813e-02
2.346031794058950e-02
2.298765811610198e-02
2.252079385654240e-02
2.205974235887665e-02
2.160451844144537e-02
2.115513448830799e-02
2.071160038579726e-02
2.027392349452387e-02
