-4.426745577841861e-02
-4.358543945026579e-02
-4.290800101859251e-02
-4.223522526936860e-02
-4.156716305033455e-02
-4.090383236553731e-02
-4.024522022071653e-02
-3.959128461246429e-02
-3.894195697945770e-02
-3.830219976472422e-02
-3.766172199808342e-02
-3.702551445627690e-02
-3.639342908388497e-02
-3.576530446856253e-02
-3.514096833171188e-02
-3.452023982345988e-02
-3.390293166686214e-02
-3.328885205927110e-02
-3.267780639368406e-02
-3.206959876863330e-02
-3.146403332429530e-02
-3.086091531212736e-02
-3.026005213182794e-02
-2.966125406346536e-02
-2.906433502469806e-02
-2.846911308949722e-02
-2.787541106483208e-02
-2.728305692778992e-02
-2.669188427140072e-02
-2.610173283284443e-02
-2.551244897654654e-02
-2.492388632955883e-02
