0.95387536e-3 SECg RIGHT 0 3.14159265358979323844
-1.719400000000000e+00 -4.470843776035962e-01 2.821703012713516e-01 4.877196719191980e-01 -8.730002987531160e-01 1.120977445931981e+00 23 2.076138348094695e-02 2.087348122554016e-02
-1.717400000000000e+00 -4.423095655626668e-01 3.025494611174133e-01 4.776277342029243e-01 -8.785623185182601e-01 1.131714114494148e+00 22 1.995908420754856e-02 2.007225561899790e-02
-1.715400000000000e+00 -4.376243406375962e-01 3.216591127041672e-01 4.665672001487431e-01 -8.844857532743886e-01 1.142149969117677e+00 21 1.947984474367674e-02 1.959405974058850e-02
-1.713400000000000e+00 -4.330249069978471e-01 3.397202039070799e-01 4.549769710892908e-01 -8.905032036879007e-01 1.152361962007564e+00 20 2.014078526566660e-02 2.025602146186728e-02
-1.711400000000000e+00 -4.285077271244486e-01 3.568979760272309e-01 4.431370759955195e-01 -8.964538648910725e-01 1.162407310788115e+00 19 2.081038799032942e-02 2.092662872140830e-02
-1.709400000000000e+00 -4.240694981627159e-01 3.733198680876313e-01 4.312313206455723e-01 -9.022414023387951e-01 1.172329926222052e+00 19 1.820630948355433e-02 1.832354247617656e-02
-1.707400000000000e+00 -4.197071309715083e-01 3.890866333448280e-01 4.193826569754423e-01 -9.078095543825360e-01 1.182164379996340e+00 18 1.945731503997069e-02 1.957553147797030e-02
-1.705400000000000e+00 -4.154177315037704e-01 4.042795724309182e-01 4.076741951074981e-01 -9.131274558589582e-01 1.191938471097542e+00 17 2.108502778120722e-02 2.120422162831692e-02
-1.703400000000000e+00 -4.111985842102950e-01 4.189654236120801e-01 3.961622210203139e-01 -9.181805348820307e-01 1.201674950277740e+00 17 1.865205964199971e-02 1.877222713702745e-02
-1.701400000000000e+00 -4.070471372049808e-01 4.331997764509136e-01 3.848845491739030e-01 -9.229647251153217e-01 1.211392716121777e+00 16 2.102367371670817e-02 2.114481298832040e-02
-1.699400000000000e+00 -4.029609889696810e-01 4.470295201489741e-01 3.738660427179598e-01 -9.274827125625645e-01 1.221107667138109e+00 16 1.866986443668042e-02 1.879197520339430e-02
-1.697400000000000e+00 -3.989378764079122e-01 4.604946408534322e-01 3.631223546515763e-01 -9.317414639009551e-01 1.230833322808905e+00 15 2.144674990212275e-02 2.156983323440367e-02
-1.695400000000000e+00 -3.949756640850738e-01 4.736295679415015e-01 3.526625182508045e-01 -9.357505801339377e-01 1.240581285253316e+00 15 1.955247589645052e-02 1.967653402497586e-02
-1.693400000000000e+00 -3.910723345143664e-01 4.864642004601045e-01 3.424907739235750e-01 -9.395211917659072e-01 1.250361588312706e+00 15 1.787727800636999e-02 1.800231416520126e-02
-1.691400000000000e+00 -3.872259793675298e-01 4.990247020344504e-01 3.326078779285628e-01 -9.430652148922991e-01 1.260182965463471e+00 14 2.083757350298593e-02 2.096359179953235e-02
-1.689400000000000e+00 -3.834347915053900e-01 5.113341250952638e-01 3.230120524708454e-01 -9.463948509784760e-01 1.270053058143060e+00 14 1.965240324188723e-02 1.977940854770149e-02
-1.687400000000000e+00 -3.796970577369863e-01 5.234129072203560e-01 3.136996832667417e-01 -9.495222528821249e-01 1.279978579588665e+00 14 1.780786933549105e-02 1.793586719344979e-02
-1.685400000000000e+00 -3.760111522278522e-01 5.352792702470491e-01 3.046658364954909e-01 -9.524593052054785e-01 1.289965444996453e+00 13 2.199667863846700e-02 2.212567518296672e-02
-1.683400000000000e+00 -3.723755304879965e-01 5.469495444823262e-01 2.959046448290207e-01 -9.552174837012831e-01 1.300018875820374e+00 13 2.014014723139900e-02 2.027014911898088e-02
-1.681400000000000e+00 -3.687887238786534e-01 5.584384345165749e-01 2.874095973835007e-01 -9.578077695090252e-01 1.310143484006504e+00 13 1.864694699444291e-02 1.877796134284369e-02
-1.679400000000000e+00 -3.652493345844141e-01 5.697592390098166e-01 2.791737584304125e-01 -9.602406014139570e-01 1.320343340468485e+00 13 1.712985403852978e-02 1.726188837257663e-02
-1.677400000000000e+00 -3.617560310035504e-01 5.809240338359823e-01 2.711899327980314e-01 -9.625258543795067e-01 1.330622031049949e+00 12 2.197559827944959e-02 2.210866048255452e-02
-1.675400000000000e+00 -3.583075435150209e-01 5.919438257878514e-01 2.634507910144127e-01 -9.646728361024168e-01 1.340982702515171e+00 12 2.045966507961830e-02 2.059376334986991e-02
-1.673400000000000e+00 -3.549026605852851e-01 6.028286824288634e-01 2.559489638687135e-01 -9.666902957486084e-01 1.351428100482638e+00 12 1.891942546318534e-02 1.905456827323357e-02
-1.671400000000000e+00 -3.515402251823801e-01 6.135878424658952e-01 2.486771136094850e-01 -9.685864407304364e-01 1.361960600790326e+00 12 1.776317542450482e-02 1.789937148458397e-02
-1.669400000000000e+00 -3.482191314681221e-01 6.242298100998397e-01 2.416279871497012e-01 -9.703689586059437e-01 1.372582235554388e+00 11 2.358856413198841e-02 2.372582235554396e-02
-1.667400000000000e+00 -3.449383217426906e-01 6.347624361073759e-01 2.347944554399512e-01 -9.720450420091945e-01 1.383294714791880e+00 11 2.203466401868947e-02 2.217299349016862e-02
-1.665400000000000e+00 -3.416967836185221e-01 6.451929878652617e-01 2.281695420914488e-01 -9.736214151618577e-01 1.394099444458540e+00 11 2.059515577788492e-02 2.073456572233088e-02
-1.663400000000000e+00 -3.384935474028586e-01 6.555282101054993e-01 2.217464437009371e-01 -9.751043609306581e-01 1.404997541453546e+00 11 1.927298377359333e-02 1.941348352773872e-02
-1.661400000000000e+00 -3.353276836704618e-01 6.657743778578764e-01 2.155185437181175e-01 -9.764997477283964e-01 1.415989846139775e+00 11 1.849593907683864e-02 1.863753806145258e-02
-1.659400000000000e+00 -3.321983010099929e-01 6.759373427726919e-01 2.094794213011621e-01 -9.778130557787261e-01 1.427076932798566e+00 11 1.727809235727265e-02 1.742080005055256e-02
-1.657400000000000e+00 -3.291045439290924e-01 6.860225738078867e-01 2.036228563116373e-01 -9.790494024243569e-01 1.438259118325137e+00 10 2.380728753592122e-02 2.395111344775358e-02
-1.655400000000000e+00 -3.260455909047139e-01 6.960351930960736e-01 1.979428312915023e-01 -9.802135662906853e-01 1.449536469545300e+00 10 2.246601363808962e-02 2.261096728504440e-02
-1.653400000000000e+00 -3.230206525666782e-01 7.059800076710334e-01 1.924335311714296e-01 -9.813100101807249e-01 1.460908809278876e+00 10 2.124899783144755e-02 2.139508871237531e-02
-1.651400000000000e+00 -3.200289700034705e-01 7.158615376230655e-01 1.870893412048111e-01 -9.823429026605475e-01 1.472375721479029e+00 10 2.001215490605722e-02 2.015939247820508e-02
-1.649400000000000e+00 -3.170698131803310e-01 7.256840411626969e-01 1.819048435964278e-01 -9.833161383177635e-01 1.483936555541775e+00 10 1.905201298880452e-02 1.920040664435884e-02
-1.647400000000000e+00 -3.141424794607812e-01 7.354515369973238e-01 1.768748131397231e-01 -9.842333567182063e-01 1.495590430012272e+00 10 1.822574736506730e-02 1.837530640806864e-02
-1.645400000000000e+00 -3.112462922233554e-01 7.451678243650033e-01 1.719942121664350e-01 -9.850979600939428e-01 1.507336235724190e+00 10 1.723521393147612e-02 1.738594755504861e-02
-1.643400000000000e+00 -3.083805995661349e-01 7.548365010188417e-01 1.672581849832835e-01 -9.859131298223478e-01 1.519172638604306e+00 10 1.622860781827758e-02 1.638052508213793e-02
-1.641400000000000e+00 -3.055447730924749e-01 7.644609794120394e-01 1.626620519853456e-01 -9.866818417524044e-01 1.531098082175572e+00 9 2.393299254779762e-02 2.408610235601506e-02
-1.639400000000000e+00 -3.027382067716138e-01 7.740445013001079e-01 1.582013035771969e-01 -9.874068804431513e-01 1.543110789869572e+00 9 2.280781955591731e-02 2.296213063490456e-02
-1.637400000000000e+00 -2.999603158686961e-01 7.835901509453174e-01 1.538715939967036e-01 -9.880908523819627e-01 1.555208767240477e+00 9 2.166406575430354e-02 2.181958663102733e-02
-1.635400000000000e+00 -2.972105359390744e-01 7.931008670841677e-01 1.496687351339906e-01 -9.887361982467272e-01 1.567389804132093e+00 9 2.050151168768520e-02 2.065825066809815e-02
-1.633400000000000e+00 -2.944883218821746e-01 8.025794537973582e-01 1.455886903988864e-01 -9.893452042780302e-01 1.579651476887546e+00 9 1.963587400901368e-02 1.979383915670259e-02
-1.631400000000000e+00 -2.917931470506829e-01 8.120285904034181e-01 1.416275686880369e-01 -9.899200128230136e-01 1.591991150642555e+00 9 1.907434955866273e-02 1.923354867372688e-02
-1.629400000000000e+00 -2.891245024111395e-01 8.214508404818575e-01 1.377816184843694e-01 -9.904626321107868e-01 1.604405981791401e+00 9 1.818247050713588e-02 1.834291110531498e-02
-1.627400000000000e+00 -2.864818957522771e-01 8.308486601186955e-01 1.340472221235572e-01 -9.909749453144402e-01 1.616892920614703e+00 9 1.727601814276626e-02 1.743770743482760e-02
-1.625400000000000e+00 -2.838648509378806e-01 8.402244054553363e-01 1.304208902354793e-01 -9.914587189541404e-01 1.629448714189487e+00 9 1.635484998533906e-02 1.651779485675806e-02
-1.623400000000000e+00 -2.812729072010794e-01 8.495803396126219e-01 1.268992563904029e-01 -9.919156106885115e-01 1.642069909519025e+00 8 2.625649210423794e-02 2.642069909518990e-02
-1.621400000000000e+00 -2.787056184772589e-01 8.589186390531709e-01 1.234790719333223e-01 -9.923471765438170e-01 1.654752857054662e+00 8 2.505825099919774e-02 2.522372628490319e-02
-1.619400000000000e+00 -2.761625527730959e-01 8.682413994375054e-01 1.201572010382017e-01 -9.927548776201833e-01 1.667493714495393e+00 8 2.400694720176144e-02 2.417369657321100e-02
-1.617400000000000e+00 -2.736432915692006e-01 8.775506410240350e-01 1.169306159719251e-01 -9.931400863163394e-01 1.680288450965334e+00 8 2.310624991752972e-02 2.327427876262641e-02
-1.615400000000000e+00 -2.711474292543573e-01 8.868483136559983e-01 1.137963925391721e-01 -9.935040921128965e-01 1.693132851709832e+00 8 2.202124324713976e-02 2.219055653231096e-02
-1.613400000000000e+00 -2.686745725891371e-01 8.961363013754330e-01 1.107517057826578e-01 -9.938481069389988e-01 1.706022522968971e+00 8 2.108914639929832e-02 2.125974865159504e-02
-1.611400000000000e+00 -2.662243401971752e-01 9.054164266982306e-01 1.077938258333424e-01 -9.941732701658252e-01 1.718952897534160e+00 8 2.031371738520470e-02 2.048561267495829e-02
-1.609400000000000e+00 -2.637963620823068e-01 9.146904545818240e-01 1.049201139898503e-01 -9.944806532458823e-01 1.731919240572849e+00 8 1.969874774720766e-02 1.987193967126468e-02
-1.607400000000000e+00 -2.613902791699354e-01 9.239600961134448e-01 1.021280189711925e-01 -9.947712640305910e-01 1.744916656012793e+00 8 1.924805827686782e-02 1.942254994246935e-02
-1.605400000000000e+00 -2.590057428711946e-01 9.332270119440990e-01 9.941507335965347e-02 -9.950460507880501e-01 1.757940093319361e+00 8 1.843811244793297e-02 1.861390645726499e-02
-1.603400000000000e+00 -2.566424146685497e-01 9.424928154900034e-01 9.677889022089310e-02 -9.953059059443043e-01 1.770984354753027e+00 8 1.761523272543792e-02 1.779233116091328e-02
-1.601400000000000e+00 -2.542999657214297e-01 9.517590759230633e-01 9.421715988689916e-02 -9.955516695696143e-01 1.784044103103112e+00 8 1.695777200210249e-02 1.713617641241273e-02
-1.599400000000000e+00 -2.519780764908907e-01 9.610273209671937e-01 9.172764690053602e-02 -9.957841326281970e-01 1.797113869879828e+00 8 1.628989854457968e-02 1.646960993156754e-02
-1.597400000000000e+00 -2.496764363820317e-01 9.702990395182458e-01 8.930818712609101e-02 -9.960040400079967e-01 1.810188063877491e+00 8 1.561158299802038e-02 1.579260180440801e-02
-1.595400000000000e+00 -2.473947434032849e-01 9.795756841012520e-01 8.695668499677051e-02 -9.962120933487870e-01 1.823260980228362e+00 7 2.786795760623789e-02 2.805028370426092e-02
-1.593400000000000e+00 -2.451327038414945e-01 9.888586731795507e-01 8.467111089456200e-02 -9.964089536831154e-01 1.836326809911353e+00 7 2.689420665118467e-02 2.707783933217572e-02
-1.591400000000000e+00 -2.428900319520018e-01 9.981493933273292e-01 8.244949867780491e-02 -9.965952439018454e-01 1.849379649572954e+00 7 2.608960295128483e-02 2.627454091624180e-02
-1.589400000000000e+00 -2.406664496628532e-01 1.007449201276828e+00 8.028994332476629e-02 -9.967715510591711e-01 1.862413511767743e+00 7 2.527179079649536e-02 2.545803214767244e-02
-1.587400000000000e+00 -2.384616862923667e-01 1.016759425850514e+00 7.819059870177010e-02 -9.969384285273885e-01 1.875422335504310e+00 7 2.444075198338287e-02 2.462829421693346e-02
-1.585400000000000e+00 -2.362754782793522e-01 1.026081369787119e+00 7.614967543184936e-02 -9.970963980135642e-01 1.888399997214256e+00 7 2.359647997994252e-02 2.378531997966412e-02
-1.583400000000000e+00 -2.341075689252953e-01 1.035416311470153e+00 7.416543888365817e-02 -9.972459514458779e-01 1.901340321885405e+00 7 2.292911418882088e-02 2.311924822100933e-02
-1.581400000000000e+00 -2.319577081479020e-01 1.044765506566208e+00 7.223620724831832e-02 -9.973875527408481e-01 1.914237094538428e+00 7 2.225111740504595e-02 2.244254111449987e-02
-1.579400000000000e+00 -2.298256522453914e-01 1.054130189580341e+00 7.036034971788724e-02 -9.975216394583010e-01 1.927084071885476e+00 7 2.156250443131312e-02 2.175521283850139e-02
-1.577400000000000e+00 -2.277111636709983e-01 1.063511575334736e+00 6.853628474727760e-02 -9.976486243528029e-01 1.939874994187930e+00 7 2.086329996745271e-02 2.105728746687137e-02
-1.575400000000000e+00 -2.256140108171711e-01 1.072910860376334e+00 6.676247840175821e-02 -9.977688968281456e-01 1.952603597244082e+00 7 2.015353870566935e-02 2.034879906539361e-02
-1.573400000000000e+00 -2.235339678089938e-01 1.082329224319080e+00 6.503744278103389e-02 -9.978828243017833e-01 1.965263624505953e+00 7 1.962979176007932e-02 1.982631812252982e-02
-1.571400000000000e+00 -2.214708143063505e-01 1.091767831125283e+00 6.335973451635618e-02 -9.979907534852299e-01 1.977848839229101e+00 7 1.890031977653051e-02 1.909810466045341e-02
-1.569400000000000e+00 -2.194243353144438e-01 1.101227830330991e+00 6.172795333846873e-02 -9.980930115859162e-01 1.990353036656475e+00 7 1.855851805762282e-02 1.875755336128875e-02
-1.567400000000000e+00 -2.173943210022515e-01 1.110710358218852e+00 6.014074069769558e-02 -9.981899074366223e-01 2.002770056283483e+00 7 1.841163423639060e-02 1.861191124201880e-02
-1.565400000000000e+00 -2.153805665285431e-01 1.120216538942937e+00 5.859677848631861e-02 -9.982817325540047e-01 2.015093793585003e+00 7 1.785886579498148e-02 1.806037517434017e-02
-1.563400000000000e+00 -2.133828718751086e-01 1.129747485608544e+00 5.709478773998411e-02 -9.983687621379819e-01 2.027318212525010e+00 7 1.729834556509005e-02 1.750107738634241e-02
-1.561400000000000e+00 -2.114010416868579e-01 1.139304301310426e+00 5.563352747834528e-02 -9.984512560061789e-01 2.039437356902371e+00 7 1.693408701346851e-02 1.713803074915857e-02
-1.559400000000000e+00 -2.094348851184952e-01 1.148888080132061e+00 5.421179353241865e-02 -9.985294594762832e-01 2.051445362236542e+00 7 1.656462515915686e-02 1.676976969538067e-02
-1.557400000000000e+00 -2.074842156874714e-01 1.158499908108880e+00 5.282841745832920e-02 -9.986036041938005e-01 2.063336466910254e+00 7 1.598367575403978e-02 1.619000940073034e-02
-1.555400000000000e+00 -2.055488511328931e-01 1.168140864158253e+00 5.148226545796569e-02 -9.986739089128721e-01 2.075105023499610e+00 7 1.560278356344917e-02 1.581029406579912e-02
-1.553400000000000e+00 -2.036286132801715e-01 1.177812020977976e+00 5.017223738126390e-02 -9.987405802289993e-01 2.086745509275236e+00 7 1.521686377318808e-02 1.542553832411557e-02
-1.551400000000000e+00 -2.017233279111628e-01 1.187514445915592e+00 4.889726572861891e-02 -9.988038132707868e-01 2.098252536766058e+00 7 1.482598083456203e-02 1.503580608823882e-02
-1.549400000000000e+00 -1.998328246394915e-01 1.197249201811049e+00 4.765631472170262e-02 -9.988637923496607e-01 2.109620863570761e+00 6 3.088524654935088e-02 3.109620863570769e-02
-1.547400000000000e+00 -1.979569367909349e-01 1.207017347813649e+00 4.644837938045834e-02 -9.989206915731244e-01 2.120845402032663e+00 6 3.036011585951428e-02 3.057220039971703e-02
-1.545400000000000e+00 -1.960955012885431e-01 1.216819940175840e+00 4.527248465163964e-02 -9.989746754214879e-01 2.131921228213378e+00 6 2.961367529956282e-02 2.982686742238440e-02
-1.543400000000000e+00 -1.942483585423810e-01 1.226658033025011e+00 4.412768456195416e-02 -9.990258992915052e-01 2.142843590420163e+00 6 2.907130795473959e-02 2.928559231378107e-02
-1.541400000000000e+00 -1.924153523436572e-01 1.236532679114663e+00 4.301306138563386e-02 -9.990745100092564e-01 2.153607917388130e+00 6 2.852102808953765e-02 2.873638888127689e-02
-1.539400000000000e+00 -1.905963297630211e-01 1.246444930557066e+00 4.192772486392862e-02 -9.991206463124134e-01 2.164209825553892e+00 6 2.817936253465312e-02 2.839578351720845e-02
-1.537400000000000e+00 -1.887911410529371e-01 1.256395839537670e+00 4.087081142856955e-02 -9.991644393057483e-01 2.174645126045049e+00 6 2.761462552096534e-02 2.783209003356962e-02
-1.535400000000000e+00 -1.869996395538581e-01 1.266386459013741e+00 3.984148344782577e-02 -9.992060128905733e-01 2.184909831144640e+00 6 2.704229668292839e-02 2.726078766604288e-02
-1.533400000000000e+00 -1.852216816041114e-01 1.276417843397291e+00 3.883892852724623e-02 -9.992454841683577e-01 2.195000159508560e+00 6 2.668200121226487e-02 2.690150122821540e-02
-1.531400000000000e+00 -1.834571264533499e-01 1.286491049223951e+00 3.786235878232149e-02 -9.992829638232800e-01 2.204912541715125e+00 6 2.609586155452035e-02 2.631635280869200e-02
-1.529400000000000e+00 -1.817058361793316e-01 1.296607135808954e+00 3.691101016156552e-02 -9.993185564817921e-01 2.214643624586021e+00 6 2.572396973456107e-02 2.594543409701936e-02
-1.527400000000000e+00 -1.799676756079766e-01 1.306767165891058e+00 3.598414180179933e-02 -9.993523610512901e-01 2.224190274612020e+00 6 2.534691289482222e-02 2.556933192228390e-02
-1.525400000000000e+00 -1.782425122365253e-01 1.316972206265212e+00 3.508103534746676e-02 -9.993844710415255e-01 2.233549581791860e+00 6 2.496478219800589e-02 2.518813715618535e-02
-1.523400000000000e+00 -1.765302161596707e-01 1.327223328405023e+00 3.420099435251924e-02 -9.994149748654454e-01 2.242718861594741e+00 6 2.457767260036535e-02 2.480194448652489e-02
-1.521400000000000e+00 -1.748306599984961e-01 1.337521609076505e+00 3.334334366538967e-02 -9.994439561242100e-01 2.251695656890694e+00 6 2.418568263841191e-02 2.441085220410030e-02
-1.519400000000000e+00 -1.731437188322161e-01 1.347868130942588e+00 3.250742882460439e-02 -9.994714938762452e-01 2.260477739381121e+00 6 2.378891421022528e-02 2.401496198416327e-02
-1.517400000000000e+00 -1.714692701324476e-01 1.358263983160720e+00 3.169261547947060e-02 -9.994976628907496e-01 2.269063110202005e+00 6 2.361437866121224e-02 2.384128497223224e-02
-1.515400000000000e+00 -1.698071937000015e-01 1.368710261973504e+00 3.089828882918785e-02 -9.995225338867694e-01 2.277449999867775e+00 6 2.320920999923265e-02 2.343695499921926e-02
-1.513400000000000e+00 -1.681573716040962e-01 1.379208071293146e+00 3.012385306799440e-02 -9.995461737590404e-01 2.285636867778677e+00 6 2.302813014633892e-02 2.325669383311674e-02
-1.511400000000000e+00 -1.665196881237966e-01 1.389758523281066e+00 2.936873085226241e-02 -9.995686457908368e-01 2.293622400954418e+00 6 2.261492320524863e-02 2.284428544534388e-02
-1.509400000000000e+00 -1.648940296916716e-01 1.400362738922793e+00 2.863236277240019e-02 -9.995900098550754e-01 2.301405512438186e+00 6 2.242758976716629e-02 2.265773031840960e-02
-1.507400000000000e+00 -1.632802848395412e-01 1.411021848599270e+00 2.791420685726959e-02 -9.996103226035281e-01 2.308985338610448e+00 6 2.223762229463530e-02 2.246852082849583e-02
-1.505400000000000e+00 -1.616783441461942e-01 1.421736992655276e+00 2.721373803285349e-02 -9.996296376470033e-01 2.316361237539638e+00 6 2.181344231145205e-02 2.204507843520626e-02
-1.503400000000000e+00 -1.600881001870560e-01 1.432509321965113e+00 2.653044769299682e-02 -9.996480057226189e-01 2.323532784265993e+00 6 2.161766392132989e-02 2.185001719975634e-02
-1.501400000000000e+00 -1.585094474856201e-01 1.443339998497625e+00 2.586384318438175e-02 -9.996654748543303e-01 2.330499768110052e+00 6 2.141944886373888e-02 2.165249884055025e-02
-1.499400000000000e+00 -1.569422824666910e-01 1.454230195879371e+00 2.521344734959905e-02 -9.996820905031504e-01 2.337262188350864e+00 6 2.121885850408333e-02 2.145258472291836e-02
-1.497400000000000e+00 -1.553865034112317e-01 1.465181099958500e+00 2.457879810056469e-02 -9.996978957084643e-01 2.343820249000731e+00 6 2.101595517030289e-02 2.125033719520320e-02
-1.495400000000000e+00 -1.538420104128423e-01 1.476193909368624e+00 2.395944793677889e-02 -9.997129312230411e-01 2.350174354964036e+00 6 2.081080203283407e-02 2.104581946833022e-02
-1.493400000000000e+00 -1.523087053357316e-01 1.487269836094206e+00 2.335496355619854e-02 -9.997272356384459e-01 2.356325105612646e+00 6 2.060346297525667e-02 2.083909548581845e-02
-1.491400000000000e+00 -1.507864917741616e-01 1.498410106037815e+00 2.276492541256022e-02 -9.997408455049541e-01 2.362273289841854e+00 6 2.039400247530425e-02 2.063022980428844e-02
-1.489400000000000e+00 -1.492752750132508e-01 1.509615959590075e+00 2.218892729540523e-02 -9.997537954443980e-01 2.368019880399382e+00 6 2.041928747375780e-02 2.065608946179801e-02
-1.487400000000000e+00 -1.477749619911168e-01 1.520888652202911e+00 2.162657598014610e-02 -9.997661182553522e-01 2.373566026391413e+00 6 2.020633391348320e-02 2.044369051612212e-02
-1.485400000000000e+00 -1.462854612622915e-01 1.532229454966526e+00 2.107749078288240e-02 -9.997778450147300e-01 2.378913048454508e+00 6 1.999143480350922e-02 2.022932610835529e-02
-1.483400000000000e+00 -1.448066829623114e-01 1.543639655191675e+00 2.054130320501837e-02 -9.997890051719110e-01 2.384062431505431e+00 6 1.977465596917258e-02 2.001306221232297e-02
-1.481400000000000e+00 -1.433385387734805e-01 1.555120556996943e+00 2.001765657189235e-02 -9.997996266379428e-01 2.389015817586384e+00 6 1.979496485210332e-02 2.003386643386300e-02
-1.479400000000000e+00 -1.418809418917399e-01 1.566673481902048e+00 1.950620567020801e-02 -9.998097358699561e-01 2.393774999287755e+00 6 1.957509999715155e-02 1.981447749707987e-02
-1.477400000000000e+00 -1.404338069945550e-01 1.578299769428250e+00 1.900661637700513e-02 -9.998193579511738e-01 2.398341912954190e+00 6 1.959336765181610e-02 1.983320184311166e-02
-1.475400000000000e+00 -1.389970502098490e-01 1.590000777706098e+00 1.851856534625894e-02 -9.998285166654911e-01 2.402718631008055e+00 6 1.937060266093192e-02 1.961087452403304e-02
-1.473400000000000e+00 -1.375705890858499e-01 1.601777884091576e+00 1.804173966673833e-02 -9.998372345686060e-01 2.406907354828864e+00 6 1.938693868383227e-02 1.962762941931500e-02
-1.471400000000000e+00 -1.361543425618956e-01 1.613632485790718e+00 1.757583650302926e-02 -9.998455330555910e-01 2.410910408783098e+00 6 1.940255059425389e-02 1.964364163513177e-02
-1.469400000000000e+00 -1.347482309400757e-01 1.625566000494806e+00 1.712056286780251e-02 -9.998534324225175e-01 2.414730229962852e+00 6 1.917597487385938e-02 1.941744789685520e-02
-1.467400000000000e+00 -1.333521758577167e-01 1.637579867025292e+00 1.667563520299896e-02 -9.998609519281051e-01 2.418369364800610e+00 6 1.918980358624198e-02 1.943164052272152e-02
-1.465400000000000e+00 -1.319661002607188e-01 1.649675545989691e+00 1.624077916481369e-02 -9.998681098485539e-01 2.421830458954365e+00 6 1.896077269813076e-02 1.920295574402655e-02
-1.463400000000000e+00 -1.305899283775597e-01 1.661854520450565e+00 1.581572930832778e-02 -9.998749235311614e-01 2.425116250930686e+00 6 1.897293012844386e-02 1.921544175353642e-02
-1.461400000000000e+00 -1.292235856941227e-01 1.674118296605770e+00 1.540022878450662e-02 -9.998814094448325e-01 2.428229565894610e+00 6 1.898444939381072e-02 1.922727235039859e-02
-1.459400000000000e+00 -1.278669989291809e-01 1.686468404483106e+00 1.499402908903863e-02 -9.998875832270732e-01 2.431173307615289e+00 6 1.875222390741376e-02 1.899534123817593e-02
-1.457400000000000e+00 -1.265200960105475e-01 1.698906398649391e+00 1.459688978312925e-02 -9.998934597289149e-01 2.433950452148038e+00 6 1.876222162773405e-02 1.900561667294887e-02
-1.455400000000000e+00 -1.251828060518942e-01 1.711433858933651e+00 1.420857825397598e-02 -9.998990530568577e-01 2.436564040174985e+00 6 1.877163054463056e-02 1.901528694864773e-02
-1.453400000000000e+00 -1.238550593301788e-01 1.724052391167143e+00 1.382886942708543e-02 -9.999043766132683e-01 2.439017171783500e+00 6 1.878046181842003e-02 1.902436353559888e-02
-1.451400000000000e+00 -1.225367872636360e-01 1.736763627940072e+00 1.345754555271663e-02 -9.999094431335752e-01 2.441312998641081e+00 6 1.878872679510820e-02 1.903285809497214e-02
-1.449400000000000e+00 -1.212279223903957e-01 1.749569229375260e+00 1.309439593900853e-02 -9.999142647222273e-01 2.443454718977644e+00 6 1.879643698831986e-02 1.904078246021736e-02
-1.447400000000000e+00 -1.199283983475804e-01 1.762470883920988e+00 1.273921675217844e-02 -9.999188528858435e-01 2.445445569769286e+00 6 1.855905949419187e-02 1.880360405116874e-02
-1.445400000000000e+00 -1.186381498509724e-01 1.775470309163098e+00 1.239181076262256e-02 -9.999232185653173e-01 2.447288822307531e+00 6 1.856551087807634e-02 1.881023976030760e-02
-1.443400000000000e+00 -1.173571126751655e-01 1.788569252657280e+00 1.205198715041269e-02 -9.999273721654620e-01 2.448987775185349e+00 6 1.857145721314934e-02 1.881635599066742e-02
-1.441400000000000e+00 -1.160852236342202e-01 1.801769492782477e+00 1.171956125391031e-02 -9.999313235837829e-01 2.450545750382405e+00 6 1.857691012633839e-02 1.882196470137701e-02
-1.439400000000000e+00 -1.148224205627507e-01 1.815072839617360e+00 1.139435442548723e-02 -9.999350822364552e-01 2.451966085217162e+00 6 1.858188129825999e-02 1.882707790678161e-02
-1.437400000000000e+00 -1.135686422975214e-01 1.828481135838568e+00 1.107619378142833e-02 -9.999386570841815e-01 2.453252129167718e+00 6 1.858638245208710e-02 1.883170766500351e-02
-1.435400000000000e+00 -1.123238286593823e-01 1.841996257645304e+00 1.076491200275640e-02 -9.999420566560709e-01 2.454407239394890e+00 6 1.859042533788178e-02 1.883586606182047e-02
-1.433400000000000e+00 -1.110879204357460e-01 1.855620115707092e+00 1.046034718810744e-02 -9.999452890717093e-01 2.455434773976179e+00 6 1.859402170891655e-02 1.883956518631357e-02
-1.431400000000000e+00 -1.098608593633803e-01 1.869354656139310e+00 1.016234266878614e-02 -9.999483620625028e-01 2.456338086985268e+00 6 1.859718330444843e-02 1.884281711314688e-02
-1.429400000000000e+00 -1.086425881116124e-01 1.883201861506081e+00 9.870746779968430e-03 -9.999512829923295e-01 2.457120527224548e+00 6 1.884563389800740e-02 1.909134595073039e-02
-1.427400000000000e+00 -1.074330502659138e-01 1.897163751851959e+00 9.585412719567381e-03 -9.999540588762044e-01 2.457785432106674e+00 6 1.884802755558387e-02 1.909380609879573e-02
-1.425400000000000e+00 -1.062321903118728e-01 1.911242385762904e+00 9.306198403167551e-03 -9.999566963980395e-01 2.458336122995788e+00 6 1.885001004278485e-02 1.909584365508532e-02
-1.423400000000000e+00 -1.050399536195021e-01 1.925439861459085e+00 9.032966267965100e-03 -9.999592019279595e-01 2.458775902889958e+00 6 1.885159325040297e-02 1.909747084069242e-02
-1.421400000000000e+00 -1.038562864278757e-01 1.939758317920193e+00 8.765583163396411e-03 -9.999615815379137e-01 2.459108050185776e+00 6 1.885278898066893e-02 1.909869978568686e-02
-1.419400000000000e+00 -1.026811358301158e-01 1.954199936044425e+00 8.503920132575265e-03 -9.999638410174534e-01 2.459335819623208e+00 6 1.885360895064449e-02 1.909954253260678e-02
-1.417400000000000e+00 -1.015144497587449e-01 1.968766939841596e+00 8.247852305926392e-03 -9.999659858876899e-01 2.459462436331633e+00 6 1.910001101442614e-02 1.934595725805988e-02
-1.415400000000000e+00 -1.003561769712379e-01 1.983461597665673e+00 7.997258721556544e-03 -9.999680214151553e-01 2.459491095312941e+00 6 1.910011705265782e-02 1.934606616218986e-02
-1.413400000000000e+00 -9.920626703600877e-02 1.998286223482104e+00 7.752022316469847e-03 -9.999699526235800e-01 2.459424950790360e+00 6 1.909987231792405e-02 1.934581481300338e-02
-1.411400000000000e+00 -9.806467031861758e-02 2.013243178176960e+00 7.512029577219703e-03 -9.999717843077528e-01 2.459267126741108e+00 6 1.934521508161596e-02 1.959114179428929e-02
-1.409400000000000e+00 -9.693133796827211e-02 2.028334870907138e+00 7.277170601452729e-03 -9.999735210434511e-01 2.459020702851340e+00 6 1.934427867083494e-02 1.959018074111933e-02
-1.407400000000000e+00 -9.580622190464869e-02 2.043563760492562e+00 7.047338859963922e-03 -9.999751671991625e-01 2.458688719491587e+00 6 1.958888600601744e-02 1.983475487796620e-02
-1.405400000000000e+00 -9.468927480493111e-02 2.058932356854174e+00 6.822431138950848e-03 -9.999767269458596e-01 2.458274170783076e+00 6 1.958726926605345e-02 1.983309668313229e-02
-1.403400000000000e+00 -9.358045009116464e-02 2.074443222498204e+00 6.602347384373834e-03 -9.999782042669810e-01 2.457780006288045e+00 6 1.983112002515227e-02 2.007689802578144e-02
-1.401400000000000e+00 -9.247970191784147e-02 2.090098974048197e+00 6.386990574606032e-03 -9.999796029676805e-01 2.457209129834955e+00 6 1.982883651933931e-02 2.007455743232232e-02
-1.399400000000000e+00 -9.138698515975457e-02 2.105902283828421e+00 6.176266689498908e-03 -9.999809266829944e-01 2.456564391930976e+00 6 2.007191400691802e-02 2.031757044611076e-02
-1.397400000000000e+00 -9.030225540007317e-02 2.121855881499268e+00 5.970084503007194e-03 -9.999821788867175e-01 2.455848596027126e+00 6 2.006897924371165e-02 2.031456410331455e-02
-1.395400000000000e+00 -8.922546891869716e-02 2.137962555747279e+00 5.768355539245828e-03 -9.999833628987899e-01 2.455064493047476e+00 6 2.031127087079938e-02 2.055677732010459e-02
-1.393400000000000e+00 -8.815658268080466e-02 2.154225156032384e+00 5.570993967659033e-03 -9.999844818927003e-01 2.454214780192134e+00 6 2.055312355482433e-02 2.079854503284421e-02
-1.391400000000000e+00 -8.709555432566804e-02 2.170646594393712e+00 5.377916453545670e-03 -9.999855389027477e-01 2.453302104684432e+00 6 2.054919905014384e-02 2.079452926061115e-02
-1.389400000000000e+00 -8.604234215566707e-02 2.187229847317690e+00 5.189042216713801e-03 -9.999865368298081e-01 2.452329049262694e+00 6 2.079024781675435e-02 2.103548072168054e-02
-1.387400000000000e+00 -8.499690512553094e-02 2.203977957670249e+00 5.004292659771404e-03 -9.999874784490931e-01 2.451298156787713e+00 6 2.103084170554516e-02 2.127597152122282e-02
-1.385400000000000e+00 -8.395920283178485e-02 2.220894036695856e+00 4.823591602908984e-03 -9.999883664143541e-01 2.450211900437112e+00 6 2.102595355196700e-02 2.127097474200961e-02
-1.383400000000000e+00 -8.292919550241466e-02 2.237981266086397e+00 4.646865025790463e-03 -9.999892032644313e-01 2.449072699182597e+00 6 2.126573441624078e-02 2.151064168616065e-02
-1.381400000000000e+00 -8.190684398674022e-02 2.255242900122634e+00 4.474040877356475e-03 -9.999899914290281e-01 2.447882926280132e+00 6 2.150504975351569e-02 2.174983804614245e-02
-1.379400000000000e+00 -8.089210974547478e-02 2.272682267890985e+00 4.305049341225432e-03 -9.999907332321483e-01 2.446644878510841e+00 6 2.174389541685293e-02 2.198855990470442e-02
-1.377400000000000e+00 -7.988495484099162e-02 2.290302775580116e+00 4.139822327311781e-03 -9.999914308988344e-01 2.445360815969060e+00 6 2.173773191665013e-02 2.198226799824769e-02
-1.375400000000000e+00 -7.888534192775386e-02 2.308107908859955e+00 3.978293753172681e-03 -9.999920865580955e-01 2.444032926825799e+00 6 2.197576134144307e-02 2.222016463412704e-02
-1.373400000000000e+00 -7.789323424298794e-02 2.326101235344336e+00 3.820399310518589e-03 -9.999927022479255e-01 2.442663344359354e+00 6 2.221331672179590e-02 2.245758305623119e-02
-1.371400000000000e+00 -7.690859559747142e-02 2.344286407146935e+00 3.666076379773449e-03 -9.999932799194091e-01 2.441254148419302e+00 6 2.220627074209661e-02 2.245039615694161e-02
-1.369400000000000e+00 -7.593139036654049e-02 2.362667163527306e+00 3.515264018028937e-03 -9.999938214403544e-01 2.439807359185755e+00 6 2.244301753184767e-02 2.268699826776846e-02
-1.367400000000000e+00 -7.496158348127442e-02 2.381247333635748e+00 3.367902883389159e-03 -9.999943285990016e-01 2.438324939487613e+00 6 2.267928968533395e-02 2.292312217928373e-02
-1.365400000000000e+00 -7.399914041980304e-02 2.400030839361369e+00 3.223935146484318e-03 -9.999948031075818e-01 2.436808796903613e+00 6 2.291508662359127e-02 2.315876750328011e-02
-1.363400000000000e+00 -7.304402719885457e-02 2.419021698283557e+00 3.083304514227084e-03 -9.999952466053389e-01 2.435260775173076e+00 6 2.290688210841741e-02 2.315040818593666e-02
-1.361400000000000e+00 -7.209621036541235e-02 2.438224026736529e+00 2.945956034122378e-03 -9.999956606621075e-01 2.433682669256917e+00 6 2.314188641398664e-02 2.338525468091509e-02
-1.359400000000000e+00 -7.115565698852348e-02 2.457642042989657e+00 2.811836138574735e-03 -9.999960467809509e-01 2.432076215844790e+00 6 2.337641918714551e-02 2.361962680872970e-02
