0.95387536e-3 6 1 0.0
-2.040000e+00 -3.986801314152453e+00 2.150144828787259e-02 -9.645454672463954e-01 -2.639167323502484e-01 9.982188198650398e-01
-2.039000e+00 -4.003837200649779e+00 2.237393182842514e-02 -9.642262854251983e-01 -2.650804981418361e-01 9.979353351943951e-01
-2.038000e+00 -4.020114580751847e+00 2.318921291601642e-02 -9.639200111682595e-01 -2.661920586144190e-01 9.976385192576779e-01
-2.037000e+00 -4.035728576131092e+00 2.395484408316292e-02 -9.636248146510946e-01 -2.672587072269930e-01 9.973289887042074e-01
-2.036000e+00 -4.050755817322622e+00 2.467688879711749e-02 -9.633392227792017e-01 -2.682863057540649e-01 9.970072801778651e-01
-2.035000e+00 -4.065259123027761e+00 2.536030062339821e-02 -9.630620280406909e-01 -2.692796504494011e-01 9.966738644362177e-01
-2.034000e+00 -4.079290758071185e+00 2.600918681890153e-02 -9.627922251472305e-01 -2.702427264442923e-01 9.963291570181781e-01
-2.033000e+00 -4.092894764685993e+00 2.662699666559341e-02 -9.625289657615849e-01 -2.711788894252902e-01 9.959735264673880e-01
-2.032000e+00 -4.106108670338087e+00 2.721665922950642e-02 -9.622715253939094e-01 -2.720909984106031e-01 9.956073008114433e-01
-2.031000e+00 -4.118964764574355e+00 2.778068620034120e-02 -9.620192786820528e-01 -2.729815148394900e-01 9.952307727252344e-01
-2.030000e+00 -4.131491070847331e+00 2.832125004586098e-02 -9.617716806166906e-01 -2.738525777927722e-01 9.948442037344206e-01
-2.029000e+00 -4.143712097940859e+00 2.884024435060106e-02 -9.615282520341560e-01 -2.747060620738837e-01 9.944478276447113e-01
-2.028000e+00 -4.155649429195908e+00 2.933933105868796e-02 -9.612885682706822e-01 -2.755436236099503e-01 9.940418534141187e-01
-2.027000e+00 -4.167322190395961e+00 2.981997793126784e-02 -9.610522501615203e-01 -2.763667354431038e-01 9.936264675551648e-01
-2.026000e+00 -4.178747425535867e+00 3.028348858395534e-02 -9.608189568191826e-01 -2.771767165851016e-01 9.932018361653466e-01
-2.025000e+00 -4.189940401724622e+00 3.073102682274842e-02 -9.605883797937227e-01 -2.779747553380897e-01 9.927681066876740e-01
-2.024000e+00 -4.200914858910278e+00 3.116363654579623e-02 -9.603602382848991e-01 -2.787619283929779e-01 9.923254094069452e-01
-2.023000e+00 -4.211683216166629e+00 3.158225815858003e-02 -9.601342751959272e-01 -2.795392165582343e-01 9.918738587581994e-01
-2.022000e+00 -4.222256743441307e+00 3.198774221994986e-02 -9.599102538629883e-01 -2.803075177883982e-01 9.914135544971445e-01
-2.021000e+00 -4.232645705581296e+00 3.238086086830504e-02 -9.596879553023204e-01 -2.810676581317235e-01 9.909445827040414e-01
-2.020000e+00 -4.242859483921635e+00 3.276231745313084e-02 -9.594671758956133e-01 -2.818204009274282e-01 9.904670166915236e-01
-2.019000e+00 -4.252906679568679e+00 3.313275470411837e-02 -9.592477254271068e-01 -2.825664545959444e-01 9.899809178189104e-01
-2.018000e+00 -4.262795201639536e+00 3.349276169985371e-02 -9.590294254069067e-01 -2.833064792829459e-01 9.894863362235923e-01
-2.017000e+00 -4.272532343054120e+00 3.384287984441201e-02 -9.588121076330555e-01 -2.840410925486979e-01 9.889833114855593e-01
-2.016000e+00 -4.282124845961842e+00 3.418360801879564e-02 -9.585956129497872e-01 -2.847708742716180e-01 9.884718732305624e-01
-2.015000e+00 -4.291578958486370e+00 3.451540704200688e-02 -9.583797901740109e-01 -2.854963708806452e-01 9.879520416892030e-01
-2.014000e+00 -4.300900484156576e+00 3.483870355127311e-02 -9.581644951586357e-01 -2.862180990388218e-01 9.874238282083678e-01
-2.013000e+00 -4.310094825145381e+00 3.515389339104217e-02 -9.579495899741339e-01 -2.869365488542520e-01 9.868872357265366e-01
-2.012000e+00 -4.319167020238922e+00 3.546134458446514e-02 -9.577349421889567e-01 -2.876521866948273e-01 9.863422592144165e-01
-2.011000e+00 -4.328121778301721e+00 3.576139994839955e-02 -9.575204242370691e-01 -2.883654576554953e-01 9.857888860921261e-01
-2.010000e+00 -4.336963507873933e+00 3.605437940268560e-02 -9.573059128567919e-01 -2.890767877388711e-01 9.852270966179526e-01
-2.009000e+00 -4.345696343434398e+00 3.634058201615629e-02 -9.570912885905843e-01 -2.897865857903275e-01 9.846568642501961e-01
-2.008000e+00 -4.354324168777326e+00 3.662028782504249e-02 -9.568764353428312e-01 -2.904952452030783e-01 9.840781560005022e-01
-2.007000e+00 -4.362850637881939e+00 3.689375945388138e-02 -9.566612399804464e-01 -2.912031454484562e-01 9.834909327593399e-01
-2.006000e+00 -4.371279193595785e+00 3.716124356443452e-02 -9.564455919751399e-01 -2.919106534392400e-01 9.828951496090913e-01
-2.005000e+00 -4.379613084406111e+00 3.742297215434122e-02 -9.562293830828729e-01 -2.926181247444329e-01 9.822907561282089e-01
-2.004000e+00 -4.387855379532776e+00 3.767916372405430e-02 -9.560125070504619e-01 -2.933259046915060e-01 9.816776966734925e-01
-2.003000e+00 -4.396008982544310e+00 3.793002432797127e-02 -9.557948593513402e-01 -2.940343293521215e-01 9.810559106569038e-01
-2.002000e+00 -4.404076643669752e+00 3.817574852345375e-02 -9.555763369448972e-01 -2.947437264319162e-01 9.804253328121725e-01
-2.001000e+00 -4.412060970956096e+00 3.841652022955561e-02 -9.553568380539432e-01 -2.954544160840582e-01 9.797858934451943e-01
-2.000000e+00 -4.419964440401063e+00 3.865251350570437e-02 -9.551362619643433e-01 -2.961667116351557e-01 9.791375186865737e-01
-1.999000e+00 -4.427789405173974e+00 3.888389325923315e-02 -9.549145088358854e-01 -2.968809202604973e-01 9.784801307235775e-01
-1.998000e+00 -4.435538104023365e+00 3.911081588952037e-02 -9.546914795297845e-01 -2.975973435923631e-01 9.778136480315025e-01
-1.997000e+00 -4.443212668956977e+00 3.933342987551394e-02 -9.544670754487766e-01 -2.983162782756908e-01 9.771379855988970e-01
-1.996000e+00 -4.450815132270380e+00 3.955187631257810e-02 -9.542411983857695e-01 -2.990380164850124e-01 9.764530551401627e-01
-1.995000e+00 -4.458347432989953e+00 3.976628940388792e-02 -9.540137503837817e-01 -2.997628463947318e-01 9.757587653063026e-01
-1.994000e+00 -4.465811422789194e+00 3.997679691096059e-02 -9.537846336032144e-01 -3.004910526161838e-01 9.750550218876247e-01
-1.993000e+00 -4.473208871430018e+00 4.018352056738531e-02 -9.535537501966032e-01 -3.012229166016325e-01 9.743417280109287e-01
-1.992000e+00 -4.480541471774859e+00 4.038657645934545e-02 -9.533210021892061e-01 -3.019587170209988e-01 9.736187843297238e-01
-1.991000e+00 -4.487810844410426e+00 4.058607537611562e-02 -9.530862913658803e-01 -3.026987301103730e-01 9.728860892117362e-01
-1.990000e+00 -4.495018541919048e+00 4.078212313336663e-02 -9.528495191616266e-01 -3.034432300010282e-01 9.721435389179126e-01
-1.989000e+00 -4.502166052830180e+00 4.097482087179875e-02 -9.526105865568799e-01 -3.041924890258752e-01 9.713910277786291e-01
-1.988000e+00 -4.509254805280877e+00 4.116426533336028e-02 -9.523693939750769e-01 -3.049467780114175e-01 9.706284483614872e-01
-1.987000e+00 -4.516286170410832e+00 4.135054911705455e-02 -9.521258411851196e-01 -3.057063665472611e-01 9.698556916403637e-01
-1.986000e+00 -4.523261465515390e+00 4.153376091614681e-02 -9.518798272034272e-01 -3.064715232499970e-01 9.690726471515643e-01
-1.985000e+00 -4.530181956977265e+00 4.171398573838585e-02 -9.516312501999084e-01 -3.072425160080543e-01 9.682792031515886e-01
-1.984000e+00 -4.537048862995631e+00 4.189130511069759e-02 -9.513800074043621e-01 -3.080196122185662e-01 9.674752467670904e-01
-1.983000e+00 -4.543863356129417e+00 4.206579726965751e-02 -9.511259950138924e-01 -3.088030790144961e-01 9.666606641405878e-01
-1.982000e+00 -4.550626565670278e+00 4.223753733892770e-02 -9.508691081017636e-01 -3.095931834807681e-01 9.658353405737787e-01
-1.981000e+00 -4.557339579858674e+00 4.240659749472507e-02 -9.506092405244094e-01 -3.103901928695647e-01 9.649991606603763e-01
-1.980000e+00 -4.564003447955947e+00 4.257304712028798e-02 -9.503462848318311e-01 -3.111943747986715e-01 9.641520084244238e-01
-1.979000e+00 -4.570619182183295e+00 4.273695295021442e-02 -9.500801321735676e-01 -3.120059974568699e-01 9.632937674426763e-01
-1.978000e+00 -4.577187759538276e+00 4.289837920547197e-02 -9.498106722072034e-01 -3.128253297949198e-01 9.624243209717422e-01
-1.977000e+00 -4.583710123497971e+00 4.305738771979607e-02 -9.495377930046787e-01 -3.136526417166036e-01 9.615435520672740e-01
-1.976000e+00 -4.590187185617496e+00 4.321403805813796e-02 -9.492613809569476e-01 -3.144882042679961e-01 9.606513436980531e-01
-1.975000e+00 -4.596619827031531e+00 4.336838762776081e-02 -9.489813206778366e-01 -3.153322898222588e-01 9.597475788573199e-01
-1.974000e+00 -4.603008899865968e+00 4.352049178252890e-02 -9.486974949060153e-01 -3.161851722631077e-01 9.588321406700447e-01
-1.973000e+00 -4.609355228566272e+00 4.367040392089160e-02 -9.484097844050305e-01 -3.170471271669301e-01 9.579049124959499e-01
-1.972000e+00 -4.615659611148375e+00 4.381817557801714e-02 -9.481180678611303e-01 -3.179184319841759e-01 9.569657780285955e-01
-1.971000e+00 -4.621922820377609e+00 4.396385651249706e-02 -9.478222217778181e-01 -3.187993662229596e-01 9.560146213882409e-01
-1.970000e+00 -4.628145604880797e+00 4.410749478800145e-02 -9.475221203695664e-01 -3.196902116273829e-01 9.550513272161272e-01
-1.969000e+00 -4.634328690195835e+00 4.424913685024013e-02 -9.472176354507861e-01 -3.205912523619785e-01 9.540757807596059e-01
-1.968000e+00 -4.640472779763220e+00 4.438882759955114e-02 -9.469086363223171e-01 -3.215027751951915e-01 9.530878679556906e-01
-1.967000e+00 -4.646578555863362e+00 4.452661045941643e-02 -9.465949896549143e-01 -3.224250696831944e-01 9.520874755118583e-01
-1.966000e+00 -4.652646680503203e+00 4.466252744117616e-02 -9.462765593685799e-01 -3.233584283570826e-01 9.510744909818045e-01
-1.965000e+00 -4.658677796255513e+00 4.479661920519734e-02 -9.459532065081979e-01 -3.243031469117417e-01 9.500488028383069e-01
-1.964000e+00 -4.664672527053977e+00 4.492892511872652e-02 -9.456247891148702e-01 -3.252595243977602e-01 9.490103005419680e-01
-1.963000e+00 -4.670631478946593e+00 4.505948331064379e-02 -9.452911620934313e-01 -3.262278634145926e-01 9.479588746083086e-01
-1.962000e+00 -4.676555240810647e+00 4.518833072331779e-02 -9.449521770745881e-01 -3.272084703090620e-01 9.468944166693168e-01
-1.961000e+00 -4.682444385030839e+00 4.531550316174343e-02 -9.446076822726774e-01 -3.282016553758381e-01 9.458168195335591e-01
-1.960000e+00 -4.688299468143472e+00 4.544103534013590e-02 -9.442575223380821e-01 -3.292077330621902e-01 9.447259772423723e-01
-1.959000e+00 -4.694121031448597e+00 4.556496092613517e-02 -9.439015382042260e-01 -3.302270221767084e-01 9.436217851232773e-01
-1.958000e+00 -4.699909601591839e+00 4.568731258277222e-02 -9.435395669286361e-01 -3.312598461029075e-01 9.425041398402002e-01
-1.957000e+00 -4.705665691117982e+00 4.580812200832959e-02 -9.431714415281433e-01 -3.323065330169185e-01 9.413729394410630e-01
-1.956000e+00 -4.711389798997869e+00 4.592741997422416e-02 -9.427969908074330e-01 -3.333674161108869e-01 9.402280834021156e-01
-1.955000e+00 -4.717082411130215e+00 4.604523636102955e-02 -9.424160391814915e-01 -3.344428338198762e-01 9.390694726713104e-01
-1.954000e+00 -4.722744000819563e+00 4.616160019274818e-02 -9.420284064900164e-01 -3.355331300570489e-01 9.378970097062967e-01
-1.953000e+00 -4.728375029232208e+00 4.627653966943471e-02 -9.416339078049494e-01 -3.366386544530798e-01 9.367105985117673e-01
-1.952000e+00 -4.733975945830849e+00 4.639008219826682e-02 -9.412323532304155e-01 -3.377597626010745e-01 9.355101446747722e-01
-1.951000e+00 -4.739547188789452e+00 4.650225442314694e-02 -9.408235476936159e-01 -3.388968163102134e-01 9.342955553958138e-01
-1.950000e+00 -4.745089185389338e+00 4.661308225293010e-02 -9.404072907278690e-01 -3.400501838638957e-01 9.330667395195600e-01
-1.949000e+00 -4.750602352397462e+00 4.672259088833703e-02 -9.399833762457105e-01 -3.412202402872887e-01 9.318236075616233e-01
-1.948000e+00 -4.756087096428065e+00 4.683080484764399e-02 -9.395515923037138e-01 -3.424073676186831e-01 9.305660717364572e-01
-1.947000e+00 -4.761543814288213e+00 4.693774799120199e-02 -9.391117208552217e-01 -3.436119551941466e-01 9.292940459781567e-01
-1.946000e+00 -4.766972893308558e+00 4.704344354485810e-02 -9.386635374943442e-01 -3.448343999351050e-01 9.280074459642468e-01
-1.945000e+00 -4.772374711659682e+00 4.714791412233224e-02 -9.382068111878143e-01 -3.460751066470872e-01 9.267061891350391e-01
-1.944000e+00 -4.777749638654947e+00 4.725118174660957e-02 -9.377413039949580e-01 -3.473344883276576e-01 9.253901947112746e-01
-1.943000e+00 -4.783098035040728e+00 4.735326787039712e-02 -9.372667707762141e-01 -3.486129664810643e-01 9.240593837119599e-01
-1.942000e+00 -4.788420253274246e+00 4.745419339569720e-02 -9.367829588874285e-01 -3.499109714457585e-01 9.227136789680597e-01
-1.941000e+00 -4.793716637790109e+00 4.755397869253775e-02 -9.362896078610620e-01 -3.512289427302067e-01 9.213530051360299e-01
-1.940000e+00 -4.798987525255725e+00 4.765264361691179e-02 -9.357864490732396e-01 -3.525673293583754e-01 9.199772887107198e-01
-1.939000e+00 -4.804233244816434e+00 4.775020752795541e-02 -9.352732053946580e-01 -3.539265902285414e-01 9.185864580346454e-01
-1.938000e+00 -4.809454118330738e+00 4.784668930441244e-02 -9.347495908265870e-01 -3.553071944803933e-01 9.171804433087901e-01
-1.937000e+00 -4.814650460596017e+00 4.794210736041684e-02 -9.342153101185197e-01 -3.567096218777372e-01 9.157591765986396e-01
-1.936000e+00 -4.819822579565498e+00 4.803647966062631e-02 -9.336700583695509e-01 -3.581343631993437e-01 9.143225918429163e-01
-1.935000e+00 -4.824970776556515e+00 4.812982373474042e-02 -9.331135206099643e-01 -3.595819206451817e-01 9.128706248587168e-01
-1.934000e+00 -4.830095346450772e+00 4.822215669143436e-02 -9.325453713629809e-01 -3.610528082559116e-01 9.114032133457323e-01
-1.933000e+00 -4.835196577886842e+00 4.831349523173323e-02 -9.319652741859478e-01 -3.625475523452217e-01 9.099202968903660e-01
-1.932000e+00 -4.840274753445320e+00 4.840385566185702e-02 -9.313728811896396e-01 -3.640666919460080e-01 9.084218169693656e-01
-1.931000e+00 -4.845330149826905e+00 4.849325390556029e-02 -9.307678325332418e-01 -3.656107792740405e-01 9.069077169502526e-01
-1.930000e+00 -4.850363038023835e+00 4.858170551598956e-02 -9.301497558958005e-01 -3.671803802043113e-01 9.053779420936739e-01
-1.929000e+00 -4.855373683484983e+00 4.866922568708137e-02 -9.295182659210014e-01 -3.687760747651811e-01 9.038324395532350e-01
-1.928000e+00 -4.860362346274617e+00 4.875582926452522e-02 -9.288729636349263e-01 -3.703984576480694e-01 9.022711583759455e-01
-1.927000e+00 -4.865329281225637e+00 4.884153075630408e-02 -9.282134358339844e-01 -3.720481387364674e-01 9.006940495001584e-01
-1.926000e+00 -4.870274738087035e+00 4.892634434284208e-02 -9.275392544431105e-01 -3.737257436504993e-01 8.991010657551399e-01
-1.925000e+00 -4.875198961666139e+00 4.901028388676704e-02 -9.268499758408399e-01 -3.754319143118157e-01 8.974921618586813e-01
-1.924000e+00 -4.880102191965622e+00 4.909336294231370e-02 -9.261451401498138e-01 -3.771673095283868e-01 8.958672944138057e-01
-1.923000e+00 -4.884984664315835e+00 4.917559476437563e-02 -9.254242704917733e-01 -3.789326055973136e-01 8.942264219067808e-01
-1.922000e+00 -4.889846609502361e+00 4.925699231722964e-02 -9.246868722031968e-01 -3.807284969306459e-01 8.925695047030163e-01
-1.921000e+00 -4.894688253889116e+00 4.933756828293975e-02 -9.239324320105751e-01 -3.825556967018320e-01 8.908965050432531e-01
-1.920000e+00 -4.899509819537225e+00 4.941733506945901e-02 -9.231604171625392e-01 -3.844149375145127e-01 8.892073870396286e-01
-1.919000e+00 -4.904311524319759e+00 4.949630481844293e-02 -9.223702745162858e-01 -3.863069720944104e-01 8.875021166713544e-01
-1.918000e+00 -4.909093582032578e+00 4.957448941278168e-02 -9.215614295746000e-01 -3.882325740074106e-01 8.857806617783247e-01
-1.917000e+00 -4.913856202501464e+00 4.965190048386868e-02 -9.207332854734787e-01 -3.901925383976654e-01 8.840429920585663e-01
-1.916000e+00 -4.918599591685525e+00 4.972854941861465e-02 -9.198852219131777e-01 -3.921876827562842e-01 8.822890790611206e-01
-1.915000e+00 -4.923323951777263e+00 4.980444736621641e-02 -9.190165940325675e-01 -3.942188477137780e-01 8.805188961812018e-01
-1.914000e+00 -4.928029481299316e+00 4.987960524469309e-02 -9.181267312219522e-01 -3.962868978602411e-01 8.787324186546264e-01
-1.913000e+00 -4.932716375197954e+00 4.995403374719772e-02 -9.172149358707743e-01 -3.983927225936379e-01 8.769296235521875e-01
-1.912000e+00 -4.937384824933545e+00 5.002774334811390e-02 -9.162804820458298e-01 -4.005372369978373e-01 8.751104897732337e-01
-1.911000e+00 -4.942035018568176e+00 5.010074430894592e-02 -9.153226140969329e-01 -4.027213827483675e-01 8.732749980407950e-01
-1.910000e+00 -4.946667140850285e+00 5.017304668401305e-02 -9.143405451834048e-01 -4.049461290514011e-01 8.714231308943614e-01
-1.909000e+00 -4.951281373296757e+00 5.024466032595160e-02 -9.133334557188808e-01 -4.072124736112674e-01 8.695548726850211e-01
-1.908000e+00 -4.955877894272337e+00 5.031559489103575e-02 -9.123004917269527e-01 -4.095214436323941e-01 8.676702095684832e-01
-1.907000e+00 -4.960456879066506e+00 5.038585984432443e-02 -9.112407631043354e-01 -4.118740968512446e-01 8.657691295001526e-01
-1.906000e+00 -4.965018499968046e+00 5.045546446463810e-02 -9.101533417828359e-01 -4.142715226050859e-01 8.638516222277982e-01
-1.905000e+00 -4.969562926337251e+00 5.052441784937575e-02 -9.090372597869280e-01 -4.167148429310782e-01 8.619176792867723e-01
-1.904000e+00 -4.974090324675822e+00 5.059272891917602e-02 -9.078915071775557e-01 -4.192052137019128e-01 8.599672939934246e-01
-1.903000e+00 -4.978600858694806e+00 5.066040642242867e-02 -9.067150298762028e-01 -4.217438257954664e-01 8.580004614396858e-01
-1.902000e+00 -4.983094689380257e+00 5.072745893964396e-02 -9.055067273609856e-01 -4.243319062997710e-01 8.560171784867748e-01
-1.901000e+00 -4.987571975057130e+00 5.079389488768161e-02 -9.042654502271964e-01 -4.269707197518419e-01 8.540174437606364e-01
-1.900000e+00 -4.992032871451067e+00 5.085972252384967e-02 -9.029899976016827e-01 -4.296615694140133e-01 8.520012576449592e-01
-1.899000e+00 -4.996477531748443e+00 5.092494994987399e-02 -9.016791144041936e-01 -4.324057985819215e-01 8.499686222771543e-01
-1.898000e+00 -5.000906106654617e+00 5.098958511574466e-02 -9.003314884425595e-01 -4.352047919299663e-01 8.479195415418160e-01
-1.897000e+00 -5.005318744450476e+00 5.105363582344457e-02 -8.989457473341003e-01 -4.380599768866541e-01 8.458540210669953e-01
-1.896000e+00 -5.009715591047306e+00 5.111710973056413e-02 -8.975204552382338e-01 -4.409728250458905e-01 8.437720682181578e-01
-1.895000e+00 -5.014096790040072e+00 5.118001435380468e-02 -8.960541093903431e-01 -4.439448536076062e-01 8.416736920933999e-01
-1.894000e+00 -5.018462482759201e+00 5.124235707237772e-02 -8.945451364235711e-01 -4.469776268460586e-01 8.395589035198556e-01
-1.893000e+00 -5.022812808320810e+00 5.130414513130068e-02 -8.929918884622036e-01 -4.500727576078198e-01 8.374277150481408e-01
-1.892000e+00 -5.027147903675581e+00 5.136538564459631e-02 -8.913926389738546e-01 -4.532319088317009e-01 8.352801409483701e-01
-1.891000e+00 -5.031467903656170e+00 5.142608559839334e-02 -8.897455783636512e-01 -4.564567950883542e-01 8.331161972067090e-01
-1.890000e+00 -5.035772941023417e+00 5.148625185394110e-02 -8.880488092914117e-01 -4.597491841385973e-01 8.309359015203206e-01
-1.889000e+00 -5.040063146511079e+00 5.154589115053027e-02 -8.863003416969849e-01 -4.631108984981976e-01 8.287392732952271e-01
-1.888000e+00 -5.044338648869489e+00 5.160501010833284e-02 -8.844980875091343e-01 -4.665438170125972e-01 8.265263336412469e-01
-1.887000e+00 -5.048599574907894e+00 5.166361523115791e-02 -8.826398550222759e-01 -4.700498764240406e-01 8.242971053701302e-01
-1.886000e+00 -5.052846049535736e+00 5.172171290912732e-02 -8.807233429136453e-01 -4.736310729323125e-01 8.220516129914340e-01
-1.885000e+00 -5.057078195802701e+00 5.177930942127699e-02 -8.787461338814451e-01 -4.772894637307778e-01 8.197898827106201e-01
-1.884000e+00 -5.061296134937767e+00 5.183641093808264e-02 -8.767056878745138e-01 -4.810271685138747e-01 8.175119424254856e-01
-1.883000e+00 -5.065499986387149e+00 5.189302352391424e-02 -8.745993348907227e-01 -4.848463709348617e-01 8.152178217250878e-01
-1.882000e+00 -5.069689867851282e+00 5.194915313942128e-02 -8.724242673108223e-01 -4.887493200068670e-01 8.129075518864509e-01
-1.881000e+00 -5.073865895320730e+00 5.200480564385337e-02 -8.701775317408852e-01 -4.927383314228158e-01 8.105811658729484e-01
-1.880000e+00 -5.078028183111239e+00 5.205998679731272e-02 -8.678560203302629e-01 -4.968157887753953e-01 8.082386983329974e-01
-1.879000e+00 -5.082176843897877e+00 5.211470226294696e-02 -8.654564615295783e-01 -5.009841446559976e-01 8.058801855983954e-01
-1.878000e+00 -5.086311988748129e+00 5.216895760908157e-02 -8.629754102544658e-01 -5.052459216026751e-01 8.035056656832231e-01
-1.877000e+00 -5.090433727154335e+00 5.222275831129294e-02 -8.604092374156194e-01 -5.096037128690022e-01 8.011151782822634e-01
-1.876000e+00 -5.094542167065151e+00 5.227610975442571e-02 -8.577541187779980e-01 -5.140601829741146e-01 7.987087647710749e-01
-1.875000e+00 -5.098637414916266e+00 5.232901723455530e-02 -8.550060231043729e-01 -5.186180679992209e-01 7.962864682049390e-01
-1.874000e+00 -5.102719575660318e+00 5.238148596089783e-02 -8.521606995427948e-01 -5.232801755797124e-01 7.938483333190106e-01
-1.873000e+00 -5.106788752796011e+00 5.243352105766948e-02 -8.492136642106829e-01 -5.280493845445382e-01 7.913944065276650e-01
-1.872000e+00 -5.110845048396588e+00 5.248512756589545e-02 -8.461601859312009e-01 -5.329286441399782e-01 7.889247359250563e-01
-1.871000e+00 -5.114888563137520e+00 5.253631044517132e-02 -8.429952710733178e-01 -5.379209727720452e-01 7.864393712856863e-01
-1.870000e+00 -5.118919396323486e+00 5.258707457537844e-02 -8.397136474466335e-01 -5.430294561917162e-01 7.839383640644435e-01
-1.869000e+00 -5.122937645914782e+00 5.263742475835475e-02 -8.363097472041946e-01 -5.482572450330740e-01 7.814217673981591e-01
-1.868000e+00 -5.126943408552942e+00 5.268736571952116e-02 -8.327776887017376e-01 -5.536075516108788e-01 7.788896361058482e-01
-1.867000e+00 -5.130936779585863e+00 5.273690210946577e-02 -8.291112572695901e-01 -5.590836458606526e-01 7.763420266909343e-01
-1.866000e+00 -5.134917853092240e+00 5.278603850548905e-02 -8.253038848478454e-01 -5.646888503016987e-01 7.737789973421321e-01
-1.865000e+00 -5.138886721905407e+00 5.283477941310669e-02 -8.213486284440799e-01 -5.704265338788412e-01 7.712006079350900e-01
-1.864000e+00 -5.142843477636645e+00 5.288312926751685e-02 -8.172381473762077e-01 -5.763001045228987e-01 7.686069200348671e-01
-1.863000e+00 -5.146788210697865e+00 5.293109243502829e-02 -8.129646792667679e-01 -5.823130002538851e-01 7.659979968977843e-01
-1.862000e+00 -5.150721010323860e+00 5.297867321445354e-02 -8.085200147648925e-01 -5.884686786266352e-01 7.633739034732800e-01
-1.861000e+00 -5.154641964593875e+00 5.302587583846620e-02 -8.038954709874526e-01 -5.947706042886297e-01 7.607347064075419e-01
-1.860000e+00 -5.158551160452854e+00 5.307270447492514e-02 -7.990818636743694e-01 -6.012222344081235e-01 7.580804740452288e-01
-1.859000e+00 -5.162448683731979e+00 5.311916322816588e-02 -7.940694780828655e-01 -6.078270016848589e-01 7.554112764328291e-01
-1.858000e+00 -5.166334619168881e+00 5.316525614025871e-02 -7.888480386604415e-01 -6.145882946343629e-01 7.527271853219594e-01
-1.857000e+00 -5.170209050427371e+00 5.321098719223829e-02 -7.834066775641380e-01 -6.215094348020138e-01 7.500282741724091e-01
-1.856000e+00 -5.174072060116620e+00 5.325636030529977e-02 -7.777339021309976e-01 -6.285936505216162e-01 7.473146181556458e-01
-1.855000e+00 -5.177923729809989e+00 5.330137934196945e-02 -7.718175614428064e-01 -6.358440467980178e-01 7.445862941585376e-01
-1.854000e+00 -5.181764140063394e+00 5.334604810724448e-02 -7.656448121789686e-01 -6.432635708505743e-01 7.418433807872652e-01
-1.853000e+00 -5.185593370433248e+00 5.339037034970565e-02 -7.592020840107448e-01 -6.508549728117177e-01 7.390859583713103e-01
-1.852000e+00 -5.189411499494001e+00 5.343434976260461e-02 -7.524750448604797e-01 -6.586207610318848e-01 7.363141089673674e-01
-1.851000e+00 -5.193218604855305e+00 5.347798998492340e-02 -7.454485664377763e-01 -6.665631513936726e-01 7.335279163638929e-01
-1.850000e+00 -5.197014763178741e+00 5.352129460240956e-02 -7.381066905591054e-01 -6.746840100016340e-01 7.307274660857115e-01
-1.849000e+00 -5.200800050194252e+00 5.356426714858803e-02 -7.304325968767487e-01 -6.829847885713775e-01 7.279128453980607e-01
-1.848000e+00 -5.204574540716148e+00 5.360691110574597e-02 -7.224085727840389e-01 -6.914664518023472e-01 7.250841433122110e-01
-1.847000e+00 -5.208338308658766e+00 5.364922990589877e-02 -7.140159864090369e-01 -7.001293960064311e-01 7.222414505893603e-01
-1.846000e+00 -5.212091427051792e+00 5.369122693172968e-02 -7.052352638084392e-01 -7.089733582307880e-01 7.193848597463173e-01
-1.845000e+00 -5.215833968055285e+00 5.373290551751000e-02 -6.960458716620047e-01 -7.179973151358437e-01 7.165144650601954e-01
-1.844000e+00 -5.219566002974361e+00 5.377426894999646e-02 -6.864263070162050e-01 -7.271993708991330e-01 7.136303625742131e-01
-1.843000e+00 -5.223287602273427e+00 5.381532046931009e-02 -6.763540958735532e-01 -7.365766334843024e-01 7.107326501021162e-01
-1.842000e+00 -5.226998835590352e+00 5.385606326979242e-02 -6.658058027271084e-01 -7.461250786931846e-01 7.078214272343650e-01
-1.841000e+00 -5.230699771750145e+00 5.389650050084405e-02 -6.547570534396783e-01 -7.558394015735024e-01 7.048967953434497e-01
-1.840000e+00 -5.234390478778413e+00 5.393663526774229e-02 -6.431825742084534e-01 -7.657128549492866e-01 7.019588575890311e-01
-1.839000e+00 -5.238071023914489e+00 5.397647063244408e-02 -6.310562497126845e-01 -7.757370751089327e-01 6.990077189241785e-01
-1.838000e+00 -5.241741473624374e+00 5.401600961436547e-02 -6.183512038837207e-01 -7.859018950578712e-01 6.960434861007702e-01
-1.837000e+00 -5.245401893613289e+00 5.405525519114833e-02 -6.050399070985463e-01 -7.961951461910468e-01 6.930662676754507e-01
-1.836000e+00 -5.249052348838062e+00 5.409421029940770e-02 -5.910943139040488e-01 -8.066024498290976e-01 6.900761740148930e-01
-1.835000e+00 -5.252692903519199e+00 5.413287783546259e-02 -5.764860356586657e-01 -8.171070007597264e-01 6.870733173024931e-01
-1.834000e+00 -5.256323621152734e+00 5.417126065605216e-02 -5.611865526338783e-01 -8.276893457952104e-01 6.840578115436037e-01
-1.833000e+00 -5.259944564521802e+00 5.420936157903360e-02 -5.451674701840423e-01 -8.383271613476039e-01 6.810297725714773e-01
-1.832000e+00 -5.263555795708061e+00 5.424718338406730e-02 -5.284008234520280e-01 -8.489950351887924e-01 6.779893180535399e-01
-1.831000e+00 -5.267157376102722e+00 5.428472881328571e-02 -5.108594347049306e-01 -8.596642588667734e-01 6.749365674968996e-01
-1.830000e+00 -5.270749366417499e+00 5.432200057194833e-02 -4.925173267289245e-01 -8.703026386676038e-01 6.718716422541451e-01
-1.829000e+00 -5.274331826695344e+00 5.435900132908093e-02 -4.733501946643639e-01 -8.808743345172504e-01 6.687946655297209e-01
-1.828000e+00 -5.277904816320792e+00 5.439573371810306e-02 -4.533359371639568e-01 -8.913397377407096e-01 6.657057623852201e-01
-1.827000e+00 -5.281468394030298e+00 5.443220033744259e-02 -4.324552457783830e-01 -9.016554000275041e-01 6.626050597454403e-01
-1.826000e+00 -5.285022617922276e+00 5.446840375113345e-02 -4.106922489061809e-01 -9.117740272065132e-01 6.594926864038841e-01
-1.825000e+00 -5.288567545466929e+00 5.450434648940458e-02 -3.880352035307001e-01 -9.216445523198671e-01 6.563687730285048e-01
-1.824000e+00 -5.292103233515934e+00 5.454003104925460e-02 -3.644772242765049e-01 -9.312123028524131e-01 6.532334521674327e-01
-1.823000e+00 -5.295629738311840e+00 5.457545989501527e-02 -3.400170351485454e-01 -9.404192766042139e-01 6.500868582540973e-01
-1.822000e+00 -5.299147115497439e+00 5.461063545890105e-02 -3.146597248252162e-01 -9.492045393764820e-01 6.469291276128092e-01
-1.821000e+00 -5.302655420124836e+00 5.464556014155012e-02 -2.884174817547869e-01 -9.575047551935328e-01 6.437603984640706e-01
-1.820000e+00 -5.306154706664297e+00 5.468023631255284e-02 -2.613102809020314e-01 -9.652548560328000e-01 6.405808109294593e-01
-1.819000e+00 -5.309645029013096e+00 5.471466631096782e-02 -2.333664902039551e-01 -9.723888529029359e-01 6.373905070367119e-01
-1.818000e+00 -5.313126440504075e+00 5.474885244582928e-02 -2.046233620720923e-01 -9.788407836284272e-01 6.341896307246254e-01
-1.817000e+00 -5.316598993914009e+00 5.478279699664404e-02 -1.751273741404494e-01 -9.845457850332158e-01 6.309783278474063e-01
-1.816000e+00 -5.320062741471927e+00 5.481650221387662e-02 -1.449343844111792e-01 -9.894412687043899e-01 6.277567461795734e-01
-1.815000e+00 -5.323517734867179e+00 5.484997031942624e-02 -1.141095693313894e-01 -9.934681706964772e-01 6.245250354196734e-01
-1.814000e+00 -5.326964025257372e+00 5.488320350709283e-02 -8.272711950130365e-02 -9.965722370701570e-01 6.212833471947377e-01
-1.813000e+00 -5.330401663276228e+00 5.491620394303432e-02 -5.086967654725898e-02 -9.987052998797880e-01 6.180318350638641e-01
-1.812000e+00 -5.333830699041178e+00 5.494897376621475e-02 -1.862750605853053e-02 -9.998264929566727e-01 6.147706545218254e-01
-1.811000e+00 -5.337251182160835e+00 5.498151508884357e-02 1.390258532168130e-02 -9.999033543904998e-01 6.114999630024707e-01
-1.810000e+00 -5.340663161742478e+00 5.501382999680465e-02 4.661856635550454e-02 -9.989127635939774e-01 6.082199198814320e-01
-1.809000e+00 -5.344066686399228e+00 5.504592055007809e-02 7.941469486371729e-02 -9.968416655817024e-01 6.049306864791802e-01
-1.808000e+00 -5.347461804257100e+00 5.507778878315494e-02 1.121831795659270e-01 -9.936875435580739e-01 6.016324260633824e-01
-1.807000e+00 -5.350848562962061e+00 5.510943670544043e-02 1.448159310445037e-01 -9.894586126340573e-01 5.983253038507469e-01
-1.806000e+00 -5.354227009686807e+00 5.514086630165219e-02 1.772063363527354e-01 -9.841737216347738e-01 5.950094870090787e-01
-1.805000e+00 -5.357597191137531e+00 5.517207953220851e-02 2.092509897445456e-01 -9.778619653565263e-01 5.916851446583947e-01
-1.804000e+00 -5.360959153560482e+00 5.520307833361141e-02 2.408513144901880e-01 -9.705620249671572e-01 5.883524478721478e-01
-1.803000e+00 -5.364312942748469e+00 5.523386461881975e-02 2.719150176446126e-01 -9.623212681736438e-01 5.850115696775801e-01
-1.802000e+00 -5.367658604047219e+00 5.526444027761683e-02 3.023573301392410e-01 -9.531946521624374e-01 5.816626850562284e-01
-1.801000e+00 -5.370996182361613e+00 5.529480717697013e-02 3.321019977515248e-01 -9.432434802793213e-01 5.783059709433482e-01
-1.800000e+00 -5.374325722161887e+00 5.532496716138380e-02 3.610820030228323e-01 -9.325340675240875e-01 5.749416062275485e-01
-1.799000e+00 -5.377647267489560e+00 5.535492205324608e-02 3.892400128387775e-01 -9.211363701457392e-01 5.715697717492642e-01
-1.798000e+00 -5.380960861963424e+00 5.538467365316840e-02 4.165285599260727e-01 -9.091226313132416e-01 5.681906502994972e-01
-1.797000e+00 -5.384266548785413e+00 5.541422374031690e-02 4.429099780701423e-01 -8.965660886548777e-01 5.648044266171987e-01
-1.796000e+00 -5.387564370746191e+00 5.544357407274247e-02 4.683561197712028e-01 -8.835397812622037e-01 5.614112873870188e-01
-1.795000e+00 -5.390854370230903e+00 5.547272638769827e-02 4.928478910784558e-01 -8.701154844384270e-01 5.580114212358502e-01
-1.794000e+00 -5.394136589224624e+00 5.550168240195622e-02 5.163746414643058e-01 -8.563627909085084e-01 5.546050187288656e-01
-1.793000e+00 -5.397411069317806e+00 5.553044381211563e-02 5.389334471237542e-01 -8.423483481145480e-01 5.511922723653310e-01
-1.792000e+00 -5.400677851711608e+00 5.555901229490512e-02 5.605283244424588e-01 -8.281352531427035e-01 5.477733765736603e-01
-1.791000e+00 -5.403936977223180e+00 5.558738950748048e-02 5.811694070880041e-01 -8.137826001242455e-01 5.443485277054697e-01
-1.790000e+00 -5.407188486290762e+00 5.561557708771651e-02 6.008721157984476e-01 -7.993451697833026e-01 5.409179240295089e-01
-1.789000e+00 -5.410432418978794e+00 5.564357665449356e-02 6.196563449929883e-01 -7.848732471615596e-01 5.374817657246153e-01
-1.788000e+00 -5.413668814982860e+00 5.567138980797839e-02 6.375456852151408e-01 -7.704125513408751e-01 5.340402548722166e-01
-1.787000e+00 -5.416897713634638e+00 5.569901812989986e-02 6.545666955002988e-01 -7.560042600024283e-01 5.305935954475447e-01
-1.786000e+00 -5.420119153906704e+00 5.572646318381964e-02 6.707482352607302e-01 -7.416851116846124e-01 5.271419933110145e-01
-1.785000e+00 -5.423333174417222e+00 5.575372651539979e-02 6.861208613696849e-01 -7.274875693737465e-01 5.236856561980149e-01
-1.784000e+00 -5.426539813434667e+00 5.578080965266141e-02 7.007162928420696e-01 -7.134400303779337e-01 5.202247937082627e-01
-1.783000e+00 -5.429739108882375e+00 5.580771410624327e-02 7.145669428924593e-01 -6.995670690686667e-01 5.167596172946785e-01
-1.782000e+00 -5.432931098343078e+00 5.583444136965130e-02 7.277055161527854e-01 -6.858897008709258e-01 5.132903402507251e-01
-1.781000e+00 -5.436115819063303e+00 5.586099291950799e-02 7.401646673838217e-01 -6.724256577173395e-01 5.098171776974607e-01
-1.780000e+00 -5.439293307957761e+00 5.588737021579361e-02 7.519767170573388e-01 -6.591896669424263e-01 5.063403465696419e-01
-1.779000e+00 -5.442463601613636e+00 5.591357470208537e-02 7.631734186224923e-01 -6.461937272274144e-01 5.028600656005492e-01
-1.778000e+00 -5.445626736294821e+00 5.593960780579122e-02 7.737857720200898e-01 -6.334473766772372e-01 4.993765553066176e-01
-1.777000e+00 -5.448782747946035e+00 5.596547093838011e-02 7.838438780128826e-01 -6.209579493828269e-01 4.958900379704176e-01
-1.776000e+00 -5.451931672196952e+00 5.599116549560777e-02 7.933768280694387e-01 -6.087308179174735e-01 4.924007376230909e-01
-1.775000e+00 -5.455073544366236e+00 5.601669285773841e-02 8.024126248426751e-01 -5.967696201157433e-01 4.889088800256927e-01
-1.774000e+00 -5.458208399465440e+00 5.604205438976354e-02 8.109781286605016e-01 -5.850764692194611e-01 4.854146926496152e-01
-1.773000e+00 -5.461336272202991e+00 5.606725144161513e-02 8.190990258671604e-01 -5.736521470573163e-01 4.819184046558727e-01
-1.772000e+00 -5.464457196987960e+00 5.609228534837699e-02 8.267998152896427e-01 -5.624962803761574e-01 4.784202468735681e-01
-1.771000e+00 -5.467571207933859e+00 5.611715743049098e-02 8.341038095401478e-01 -5.516075007744300e-01 4.749204517769213e-01
-1.770000e+00 -5.470678338862414e+00 5.614186899395991e-02 8.410331482776348e-01 -5.409835889361249e-01 4.714192534615744e-01
-1.769000e+00 -5.473778623307151e+00 5.616642133054834e-02 8.476088209432299e-01 -5.306216040260966e-01 4.679168876199410e-01
-1.768000e+00 -5.476872094517057e+00 5.619081571797745e-02 8.538506968439858e-01 -5.205179992075585e-01 4.644135915146094e-01
-1.767000e+00 -5.479958785460124e+00 5.621505342011895e-02 8.597775607762999e-01 -5.106687243072127e-01 4.609096039517562e-01
-1.766000e+00 -5.483038728826810e+00 5.623913568718357e-02 8.654071526769069e-01 -5.010693166575346e-01 4.574051652525637e-01
-1.765000e+00 -5.486111957033537e+00 5.626306375590840e-02 8.707562100364664e-01 -4.917149811455099e-01 4.539005172237893e-01
-1.764000e+00 -5.489178502226088e+00 5.628683884973889e-02 8.758405120358281e-01 -4.826006604604042e-01 4.503959031270768e-01
-1.763000e+00 -5.492238396282883e+00 5.631046217901008e-02 8.806749245561469e-01 -4.737210964882447e-01 4.468915676471597e-01
-1.762000e+00 -5.495291670818374e+00 5.633393494112129e-02 8.852734453777071e-01 -4.650708837468582e-01 4.433877568587304e-01
-1.761000e+00 -5.498338357186198e+00 5.635725832071284e-02 8.896492490231501e-01 -4.566445156930552e-01 4.398847181922358e-01
-1.760000e+00 -5.501378486482424e+00 5.638043348983528e-02 8.938147308182264e-01 -4.484364246717047e-01 4.363827003980449e-01
-1.759000e+00 -5.504412089548710e+00 5.640346160811730e-02 8.977815498422452e-01 -4.404410162131318e-01 4.328819535097730e-01
-1.758000e+00 -5.507439196975390e+00 5.642634382293175e-02 9.015606705234898e-01 -4.326526983219168e-01 4.293827288063354e-01
-1.757000e+00 -5.510459839104538e+00 5.644908126955762e-02 9.051624027030541e-01 -4.250659063402215e-01 4.258852787722312e-01
-1.756000e+00 -5.513474046032989e+00 5.647167507134042e-02 9.085964400455823e-01 -4.176751239139033e-01 4.223898570569902e-01
-1.755000e+00 -5.516481847615346e+00 5.649412633984793e-02 9.118718967220882e-01 -4.104749005340780e-01 4.188967184331944e-01
-1.754000e+00 -5.519483273466815e+00 5.651643617502685e-02 9.149973423261160e-01 -4.034598660785786e-01 4.154061187529864e-01
-1.753000e+00 -5.522478352966233e+00 5.653860566535181e-02 9.179808350135633e-01 -3.966247427327260e-01 4.119183149035793e-01
-1.752000e+00 -5.525467115258811e+00 5.656063588797745e-02 9.208299528802143e-01 -3.899643546256789e-01 4.084335647611143e-01
-1.751000e+00 -5.528449589258980e+00 5.658252790888410e-02 9.235518236079145e-01 -3.834736354829307e-01 4.049521271433658e-01
-1.750000e+00 -5.531425803653205e+00 5.660428278302147e-02 9.261531524248897e-01 -3.771476345589868e-01 4.014742617609000e-01
-1.749000e+00 -5.534395786902617e+00 5.662590155445320e-02 9.286402484345248e-01 -3.709815210862450e-01 3.980002291671564e-01
-1.748000e+00 -5.537359567245829e+00 5.664738525649344e-02 9.310190493755433e-01 -3.649705874448786e-01 3.945302907070684e-01
-1.747000e+00 -5.540317172701515e+00 5.666873491184715e-02 9.332951448798901e-01 -3.591102512371724e-01 3.910647084640019e-01
-1.746000e+00 -5.543268631071073e+00 5.668995153274380e-02 9.354737982982831e-01 -3.533960564259072e-01 3.876037452059837e-01
-1.745000e+00 -5.546213969941207e+00 5.671103612107015e-02 9.375599671650949e-01 -3.478236736758814e-01 3.841476643298208e-01
-1.744000e+00 -5.549153216686452e+00 5.673198966850308e-02 9.395583223733202e-01 -3.423889000231057e-01 3.806967298045323e-01
-1.743000e+00 -5.552086398471735e+00 5.675281315663597e-02 9.414732661311017e-01 -3.370876579770249e-01 3.772512061130532e-01
-1.742000e+00 -5.555013542254881e+00 5.677350755710627e-02 9.433089487687162e-01 -3.319159941504169e-01 3.738113581925066e-01
-1.741000e+00 -5.557934674788981e+00 5.679407383172088e-02 9.450692844635639e-01 -3.268700774979677e-01 3.703774513735754e-01
-1.740000e+00 -5.560849822624931e+00 5.681451293257738e-02 9.467579659482765e-01 -3.219461972340751e-01 3.669497513181194e-01
-1.739000e+00 -5.563759012113727e+00 5.683482580218555e-02 9.483784782643434e-01 -3.171407604913128e-01 3.635285239557028e-01
-1.738000e+00 -5.566662269408909e+00 5.685501337358557e-02 9.499341116210226e-01 -3.124502897722751e-01 3.601140354185093e-01
-1.737000e+00 -5.569559620468817e+00 5.687507657046537e-02 9.514279734160532e-01 -3.078714202413435e-01 3.567065519756649e-01
-1.736000e+00 -5.572451091058974e+00 5.689501630727458e-02 9.528629994725009e-01 -3.034008968943054e-01 3.533063399653509e-01
-1.735000e+00 -5.575336706754308e+00 5.691483348933805e-02 9.542419645421939e-01 -2.990355716409910e-01 3.499136657263806e-01
-1.734000e+00 -5.578216492941406e+00 5.693452901296767e-02 9.555674921240818e-01 -2.947724003289536e-01 3.465287955281429e-01
-1.733000e+00 -5.581090474820773e+00 5.695410376557026e-02 9.568420636426010e-01 -2.906084397332064e-01 3.431519954996409e-01
-1.732000e+00 -5.583958677409000e+00 5.697355862575661e-02 9.580680270286673e-01 -2.865408445324973e-01 3.397835315570162e-01
-1.731000e+00 -5.586821125540900e+00 5.699289446344737e-02 9.592476047429814e-01 -2.825668642903001e-01 3.364236693301173e-01
-1.730000e+00 -5.589677843871717e+00 5.701211213997652e-02 9.603829012791945e-01 -2.786838404546577e-01 3.330726740877890e-01
-1.729000e+00 -5.592528856879209e+00 5.703121250819466e-02 9.614759101816909e-01 -2.748892033898187e-01 3.297308106622744e-01
-1.728000e+00 -5.595374188865748e+00 5.705019641256948e-02 9.625285206107627e-01 -2.711804694495100e-01 3.263983433722554e-01
-1.727000e+00 -5.598213863960365e+00 5.706906468928558e-02 9.635425234856615e-01 -2.675552381002538e-01 3.230755359450689e-01
-1.726000e+00 -5.601047906120850e+00 5.708781816634213e-02 9.645196172339754e-01 -2.640111891015710e-01 3.197626514377714e-01
-1.725000e+00 -5.603876339135733e+00 5.710645766364879e-02 9.654614131739007e-01 -2.605460797483903e-01 3.164599521574116e-01
-1.724000e+00 -5.606699186626326e+00 5.712498399312071e-02 9.663694405541994e-01 -2.571577421797053e-01 3.131676995800146e-01
-1.723000e+00 -5.609516472048615e+00 5.714339795877219e-02 9.672451512747869e-01 -2.538440807570950e-01 3.098861542692538e-01
-1.722000e+00 -5.612328218695332e+00 5.716170035680732e-02 9.680899243096355e-01 -2.506030695146496e-01 3.066155757936458e-01
-1.721000e+00 -5.615134449697849e+00 5.717989197571064e-02 9.689050698517885e-01 -2.474327496826173e-01 3.033562226434042e-01
-1.720000e+00 -5.617935188028061e+00 5.719797359633681e-02 9.696918331992522e-01 -2.443312272851622e-01 3.001083521464185e-01
-1.719000e+00 -5.620730456500347e+00 5.721594599199658e-02 9.704513983990660e-01 -2.412966708127099e-01 2.968722203834049e-01
-1.718000e+00 -5.623520277773375e+00 5.723380992854413e-02 9.711848916656595e-01 -2.383273089689081e-01 2.936480821025587e-01
-1.717000e+00 -5.626304674352043e+00 5.725156616446073e-02 9.718933845885351e-01 -2.354214284916343e-01 2.904361906335867e-01
-1.716000e+00 -5.629083668589280e+00 5.726921545093851e-02 9.725778971432552e-01 -2.325773720472474e-01 2.872367978011103e-01
-1.715000e+00 -5.631857282687861e+00 5.728675853196261e-02 9.732394005187214e-01 -2.297935361970824e-01 2.840501538378395e-01
-1.714000e+00 -5.634625538702240e+00 5.730419614439099e-02 9.738788197728633e-01 -2.270683694348797e-01 2.808765072970464e-01
-1.713000e+00 -5.637388458540345e+00 5.732152901803485e-02 9.744970363280036e-01 -2.244003702936734e-01 2.777161049648355e-01
-1.712000e+00 -5.640146063965310e+00 5.733875787573644e-02 9.750948903163504e-01 -2.217880855207159e-01 2.745691917720756e-01
-1.711000e+00 -5.642898376597309e+00 5.735588343344492e-02 9.756731827854159e-01 -2.192301083185803e-01 2.714360107062582e-01
-1.710000e+00 -5.645645417915202e+00 5.737290640029386e-02 9.762326777724483e-01 -2.167250766506617e-01 2.683168027228817e-01
-1.709000e+00 -5.648387209258380e+00 5.738982747867329e-02 9.767741042562682e-01 -2.142716716095827e-01 2.652118066571387e-01
-1.708000e+00 -5.651123771828361e+00 5.740664736430520e-02 9.772981579945133e-01 -2.118686158460744e-01 2.621212591353400e-01
-1.707000e+00 -5.653855126690583e+00 5.742336674631425e-02 9.778055032534986e-01 -2.095146720570479e-01 2.590453944864006e-01
-1.706000e+00 -5.656581294776068e+00 5.743998630729821e-02 9.782967744376264e-01 -2.072086415305500e-01 2.559844446536850e-01
-1.705000e+00 -5.659302296883054e+00 5.745650672339913e-02 9.787725776246907e-01 -2.049493627458226e-01 2.529386391066891e-01
-1.704000e+00 -5.662018153678728e+00 5.747292866437023e-02 9.792334920129784e-01 -2.027357100267937e-01 2.499082047534687e-01
-1.703000e+00 -5.664728885700795e+00 5.748925279364502e-02 9.796800712857832e-01 -2.005665922467716e-01 2.468933658529811e-01
-1.702000e+00 -5.667434513359225e+00 5.750547976840162e-02 9.801128448984304e-01 -1.984409515828459e-01 2.438943439281553e-01
-1.701000e+00 -5.670135056937760e+00 5.752161023963002e-02 9.805323192926602e-01 -1.963577623180627e-01 2.409113576794747e-01
-1.700000e+00 -5.672830536595597e+00 5.753764485219515e-02 9.809389790428611e-01 -1.943160296896512e-01 2.379446228990236e-01
-1.699000e+00 -5.675520972369029e+00 5.755358424489928e-02 9.813332879383749e-01 -1.923147887814623e-01 2.349943523852471e-01
-1.698000e+00 -5.678206384172958e+00 5.756942905054577e-02 9.817156900057273e-01 -1.903531034592780e-01 2.320607558587382e-01
-1.697000e+00 -5.680886791802555e+00 5.758517989599817e-02 9.820866104745297e-01 -1.884300653469329e-01 2.291440398783782e-01
-1.696000e+00 -5.683562214934781e+00 5.760083740224204e-02 9.824464566903975e-01 -1.865447928420488e-01 2.262444077589812e-01
-1.695000e+00 -5.686232673130011e+00 5.761640218444230e-02 9.827956189781218e-01 -1.846964301696442e-01 2.233620594894773e-01
-1.694000e+00 -5.688898185833573e+00 5.763187485200151e-02 9.831344714580733e-01 -1.828841464721718e-01 2.204971916524647e-01
-1.693000e+00 -5.691558772377308e+00 5.764725600861718e-02 9.834633728186055e-01 -1.811071349346912e-01 2.176499973449349e-01
-1.692000e+00 -5.694214451981097e+00 5.766254625233790e-02 9.837826670471178e-01 -1.793646119435482e-01 2.148206661000812e-01
-1.691000e+00 -5.696865243754438e+00 5.767774617561729e-02 9.840926841221684e-01 -1.776558162775033e-01 2.120093838107413e-01
-1.690000e+00 -5.699511166697993e+00 5.769285636536843e-02 9.843937406689697e-01 -1.759800083297907e-01 2.092163326540075e-01
-1.689000e+00 -5.702152239705062e+00 5.770787740301723e-02 9.846861405803736e-01 -1.743364693600527e-01 2.064416910174819e-01
-1.688000e+00 -5.704788481563172e+00 5.772280986455423e-02 9.849701756053740e-01 -1.727245007748429e-01 2.036856334271505e-01
-1.687000e+00 -5.707419910955551e+00 5.773765432058534e-02 9.852461259069925e-01 -1.711434234356166e-01 2.009483304768364e-01
-1.686000e+00 -5.710046546462676e+00 5.775241133638242e-02 9.855142605913186e-01 -1.695925769930584e-01 1.982299487595117e-01
-1.685000e+00 -5.712668406563805e+00 5.776708147193216e-02 9.857748382093451e-01 -1.680713192467397e-01 1.955306508003654e-01
-1.684000e+00 -5.715285509638421e+00 5.778166528198519e-02 9.860281072331456e-01 -1.665790255290873e-01 1.928505949918298e-01
-1.683000e+00 -5.717897873967844e+00 5.779616331610225e-02 9.862743065078594e-01 -1.651150881126283e-01 1.901899355305517e-01
-1.682000e+00 -5.720505517736630e+00 5.781057611870145e-02 9.865136656808353e-01 -1.636789156396177e-01 1.875488223564215e-01
-1.681000e+00 -5.723108459034180e+00 5.782490422910383e-02 9.867464056092062e-01 -1.622699325732031e-01 1.849274010938599e-01
-1.680000e+00 -5.725706715856157e+00 5.783914818157796e-02 9.869727387471134e-01 -1.608875786691507e-01 1.823258129950567e-01
-1.679000e+00 -5.728300306106082e+00 5.785330850538303e-02 9.871928695136961e-01 -1.595313084673807e-01 1.797441948856693e-01
-1.678000e+00 -5.730889247596767e+00 5.786738572481293e-02 9.874069946429014e-01 -1.582005908025421e-01 1.771826791129111e-01
-1.677000e+00 -5.733473558051865e+00 5.788138035923729e-02 9.876153035161270e-01 -1.568949083327703e-01 1.746413934956820e-01
-1.676000e+00 -5.736053255107354e+00 5.789529292314332e-02 9.878179784786122e-01 -1.556137570860237e-01 1.721204612776855e-01
-1.675000e+00 -5.738628356313080e+00 5.790912392617542e-02 9.880151951404802e-01 -1.543566460231592e-01 1.696200010824944e-01
-1.674000e+00 -5.741198879134252e+00 5.792287387317461e-02 9.882071226632325e-01 -1.531230966172475e-01 1.671401268716431e-01
-1.673000e+00 -5.743764840952966e+00 5.793654326421774e-02 9.883939240325035e-01 -1.519126424483155e-01 1.646809479051392e-01
-1.672000e+00 -5.746326259069734e+00 5.795013259465375e-02 9.885757563177863e-01 -1.507248288130287e-01 1.622425687045673e-01
-1.671000e+00 -5.748883150704999e+00 5.796364235514202e-02 9.887527709198352e-01 -1.495592123486478e-01 1.598250890190515e-01
-1.670000e+00 -5.751435533000677e+00 5.797707303168707e-02 9.889251138063838e-01 -1.484153606707564e-01 1.574286037939983e-01
-1.669000e+00 -5.753983423021720e+00 5.799042510567343e-02 9.890929257368041e-01 -1.472928520241528e-01 1.550532031424514e-01
-1.668000e+00 -5.756526837757616e+00 5.800369905390113e-02 9.892563424762723e-01 -1.461912749464495e-01 1.526989723194518e-01
-1.667000e+00 -5.759065794123988e+00 5.801689534861728e-02 9.894154949999936e-01 -1.451102279438552e-01 1.503659916991716e-01
-1.666000e+00 -5.761600308964118e+00 5.803001445754982e-02 9.895705096880024e-01 -1.440493191786308e-01 1.480543367550076e-01
-1.665000e+00 -5.764130399050559e+00 5.804305684393810e-02 9.897215085110062e-01 -1.430081661678746e-01 1.457640780425680e-01
-1.664000e+00 -5.766656081086676e+00 5.805602296656421e-02 9.898686092077549e-01 -1.419863954930371e-01 1.434952811855811e-01
-1.663000e+00 -5.769177371708279e+00 5.806891327978216e-02 9.900119254543459e-01 -1.409836425198993e-01 1.412480068646617e-01
-1.662000e+00 -5.771694287485211e+00 5.808172823354683e-02 9.901515670258830e-01 -1.399995511285243e-01 1.390223108094035e-01
-1.661000e+00 -5.774206844922950e+00 5.809446827344259e-02 9.902876399508750e-01 -1.390337734528063e-01 1.368182437930033e-01
-1.660000e+00 -5.776715060464266e+00 5.810713384070978e-02 9.904202466587270e-01 -1.380859696293086e-01 1.346358516301594e-01
-1.659000e+00 -5.779218950490833e+00 5.811972537227101e-02 9.905494861206838e-01 -1.371558075549454e-01 1.324751751779330e-01
-1.658000e+00 -5.781718531324926e+00 5.813224330075688e-02 9.906754539845365e-01 -1.362429626532412e-01 1.303362503394400e-01
-1.657000e+00 -5.784213819231051e+00 5.814468805453006e-02 9.907982427034064e-01 -1.353471176488129e-01 1.282191080707307e-01
-1.656000e+00 -5.786704830417715e+00 5.815706005770849e-02 9.909179416588940e-01 -1.344679623497761e-01 1.261237743905940e-01
-1.655000e+00 -5.789191581039001e+00 5.816935973018918e-02 9.910346372788715e-01 -1.336051934377386e-01 1.240502703931184e-01
-1.654000e+00 -5.791674087196465e+00 5.818158748766807e-02 9.911484131501750e-01 -1.327585142651501e-01 1.219986122635024e-01
-1.653000e+00 -5.794152364940748e+00 5.819374374166259e-02 9.912593501264397e-01 -1.319276346597197e-01 1.199688112966018e-01
-1.652000e+00 -5.796626430273411e+00 5.820582889953027e-02 9.913675264313244e-01 -1.311122707355696e-01 1.179608739184189e-01
-1.651000e+00 -5.799096299148704e+00 5.821784336448841e-02 9.914730177573279e-01 -1.303121447109873e-01 1.159748017104570e-01
-1.650000e+00 -5.801561987475403e+00 5.822978753563093e-02 9.915758973604221e-01 -1.295269847324243e-01 1.140105914369460e-01
-1.649000e+00 -5.804023511118635e+00 5.824166180794627e-02 9.916762361506892e-01 -1.287565247045854e-01 1.120682350748386e-01
-1.648000e+00 -5.806480885901743e+00 5.825346657233280e-02 9.917741027791587e-01 -1.280005041263304e-01 1.101477198464944e-01
-1.647000e+00 -5.808934127608193e+00 5.826520221561417e-02 9.918695637210154e-01 -1.272586679322177e-01 1.082490282553323e-01
-1.646000e+00 -5.811383251983434e+00 5.827686912055322e-02 9.919626833553544e-01 -1.265307663394357e-01 1.063721381237862e-01
-1.645000e+00 -5.813828274736960e+00 5.828846766586419e-02 9.920535240416364e-01 -1.258165546999696e-01 1.045170226342300e-01
-1.644000e+00 -5.816269211544207e+00 5.829999822622506e-02 9.921421461929999e-01 -1.251157933577853e-01 1.026836503722664e-01
-1.643000e+00 -5.818706078048557e+00 5.831146117228899e-02 9.922286083465746e-01 -1.244282475108442e-01 1.008719853726575e-01
-1.642000e+00 -5.821138889863451e+00 5.832285687069336e-02 9.923129672309303e-01 -1.237536870777861e-01 9.908198716753490e-02
-1.641000e+00 -5.823567662574429e+00 5.833418568406821e-02 9.923952778307925e-01 -1.230918865691161e-01 9.731361083727064e-02
-1.640000e+00 -5.825992411741248e+00 5.834544797104424e-02 9.924755934491507e-01 -1.224426249626986e-01 9.556680706339866e-02
-1.639000e+00 -5.828413152900048e+00 5.835664408625987e-02 9.925539657668728e-01 -1.218056855834461e-01 9.384152218404800e-02
-1.638000e+00 -5.830829901565572e+00 5.836777438036484e-02 9.926304448999403e-01 -1.211808559870184e-01 9.213769825134802e-02
-1.637000e+00 -5.833242673233370e+00 5.837883920002588e-02 9.927050794544081e-01 -1.205679278474062e-01 9.045527309121547e-02
-1.636000e+00 -5.835651483382113e+00 5.838983888792907e-02 9.927779165791928e-01 -1.199666968482393e-01 8.879418036491277e-02
-1.635000e+00 -5.838056347475890e+00 5.840077378278147e-02 9.928490020167807e-01 -1.193769625777206e-01 8.715434963281950e-02
-1.634000e+00 -5.840457280966619e+00 5.841164421931176e-02 9.929183801519524e-01 -1.187985284270088e-01 8.553570641990360e-02
-1.633000e+00 -5.842854299296483e+00 5.842245052826906e-02 9.929860940586049e-01 -1.182312014919720e-01 8.393817228328554e-02
-1.632000e+00 -5.845247417900353e+00 5.843319303642166e-02 9.930521855447590e-01 -1.176747924781572e-01 8.236166488120875e-02
-1.631000e+00 -5.847636652208384e+00 5.844387206655245e-02 9.931166951958280e-01 -1.171291156088738e-01 8.080609804397652e-02
-1.630000e+00 -5.850022017648547e+00 5.845448793745561e-02 9.931796624162205e-01 -1.165939885362977e-01 7.927138184610860e-02
-1.629000e+00 -5.852403529649338e+00 5.846504096392888e-02 9.932411254693544e-01 -1.160692322554527e-01 7.775742268055823e-02
-1.628000e+00 -5.854781203642444e+00 5.847553145676702e-02 9.933011215161446e-01 -1.155546710209906e-01 7.626412333361675e-02
-1.627000e+00 -5.857155055065503e+00 5.848595972275274e-02 9.933596866520311e-01 -1.150501322666710e-01 7.479138306182716e-02
-1.626000e+00 -5.859525099364988e+00 5.849632606464585e-02 9.934168559426089e-01 -1.145554465274432e-01 7.333909766965561e-02
-1.625000e+00 -5.861891351999068e+00 5.850663078117113e-02 9.934726634579200e-01 -1.140704473640147e-01 7.190715958847847e-02
-1.624000e+00 -5.864253828440619e+00 5.851687416700497e-02 9.935271423054612e-01 -1.135949712898588e-01 7.049545795674565e-02
-1.623000e+00 -5.866612544180223e+00 5.852705651276094e-02 9.935803246619617e-01 -1.131288577005480e-01 6.910387870088838e-02
-1.622000e+00 -5.868967514729358e+00 5.853717810497117e-02 9.936322418039819e-01 -1.126719488053399e-01 6.773230461743575e-02
-1.621000e+00 -5.871318755623531e+00 5.854723922606988e-02 9.936829241373841e-01 -1.122240895609214e-01 6.638061545552398e-02
-1.620000e+00 -5.873666282425679e+00 5.855724015437045e-02 9.937324012257158e-01 -1.117851276072664e-01 6.504868800049333e-02
-1.619000e+00 -5.876010110729410e+00 5.856718116404634e-02 9.937807018175567e-01 -1.113549132054993e-01 6.373639615805100e-02
-1.618000e+00 -5.878350256162534e+00 5.857706252510563e-02 9.938278538728661e-01 -1.109332991777180e-01 6.244361103868742e-02
-1.617000e+00 -5.880686734390655e+00 5.858688450336486e-02 9.938738845883747e-01 -1.105201408486894e-01 6.117020104302838e-02
-1.616000e+00 -5.883019561120726e+00 5.859664736042267e-02 9.939188204220577e-01 -1.101152959893651e-01 5.991603194714180e-02
-1.615000e+00 -5.885348752104917e+00 5.860635135362843e-02 9.939626871167259e-01 -1.097186247621507e-01 5.868096698852510e-02
-1.614000e+00 -5.887674323144350e+00 5.861599673605274e-02 9.940055097227712e-01 -1.093299896678575e-01 5.746486695192692e-02
-1.613000e+00 -5.889996290093191e+00 5.862558375645047e-02 9.940473126200983e-01 -1.089492554942926e-01 5.626759025567170e-02
-1.612000e+00 -5.892314668862598e+00 5.863511265922804e-02 9.940881195392766e-01 -1.085762892664189e-01 5.508899303774684e-02
-1.611000e+00 -5.894629475425023e+00 5.864458368440285e-02 9.941279535819418e-01 -1.082109601980335e-01 5.392892924213472e-02
-1.610000e+00 -5.896940725818442e+00 5.865399706756345e-02 9.941668372404773e-01 -1.078531396449184e-01 5.278725070486905e-02
-1.609000e+00 -5.899248436150852e+00 5.866335303982651e-02 9.942047924170024e-01 -1.075027010593929e-01 5.166380723993508e-02
-1.608000e+00 -5.901552622604775e+00 5.867265182779237e-02 9.942418404416954e-01 -1.071595199462477e-01 5.055844672517543e-02
-1.607000e+00 -5.903853301442004e+00 5.868189365349533e-02 9.942780020904769e-01 -1.068234738199874e-01 4.947101518756045e-02
-1.606000e+00 -5.906150489008443e+00 5.869107873435433e-02 9.943132976020782e-01 -1.064944421633403e-01 4.840135688820987e-02
-1.605000e+00 -5.908444201739036e+00 5.870020728311996e-02 9.943477466945162e-01 -1.061723063870153e-01 4.734931440717617e-02
-1.604000e+00 -5.910734456162944e+00 5.870927950781787e-02 9.943813685810013e-01 -1.058569497906240e-01 4.631472872738184e-02
-1.603000e+00 -5.913021268908838e+00 5.871829561169063e-02 9.944141819852972e-01 -1.055482575247566e-01 4.529743931824868e-02
-1.602000e+00 -5.915304656710278e+00 5.872725579313578e-02 9.944462051565514e-01 -1.052461165541706e-01 4.429728421855965e-02
-1.601000e+00 -5.917584636411407e+00 5.873616024564058e-02 9.944774558836229e-01 -1.049504156220298e-01 4.331410011875012e-02
-1.600000e+00 -5.919861224972644e+00 5.874500915771606e-02 9.945079515089177e-01 -1.046610452151904e-01 4.234772244240283e-02
-1.599000e+00 -5.922134439476721e+00 5.875380271282359e-02 9.945377089417563e-01 -1.043778975304753e-01 4.139798542687004e-02
-1.598000e+00 -5.924404297134749e+00 5.876254108930293e-02 9.945667446712888e-01 -1.041008664419053e-01 4.046472220323669e-02
-1.597000e+00 -5.926670815292598e+00 5.877122446029316e-02 9.945950747789730e-01 -1.038298474688710e-01 3.954776487519931e-02
-1.596000e+00 -5.928934011437377e+00 5.877985299365256e-02 9.946227149506335e-01 -1.035647377451946e-01 3.864694459714690e-02
-1.595000e+00 -5.931193903204189e+00 5.878842685187306e-02 9.946496804881163e-01 -1.033054359890520e-01 3.776209165118447e-02
-1.594000e+00 -5.933450508383030e+00 5.879694619199279e-02 9.946759863205530e-01 -1.030518424737520e-01 3.689303552313365e-02
-1.593000e+00 -5.935703844925976e+00 5.880541116550309e-02 9.947016470152500e-01 -1.028038589993054e-01 3.603960497754519e-02
-1.592000e+00 -5.937953930954487e+00 5.881382191825334e-02 9.947266767882152e-01 -1.025613888647851e-01 3.520162813143420e-02
-1.591000e+00 -5.940200784767019e+00 5.882217859035080e-02 9.947510895143358e-01 -1.023243368414472e-01 3.437893252710510e-02
-1.590000e+00 -5.942444424846888e+00 5.883048131605596e-02 9.947748987372192e-01 -1.020926091465745e-01 3.357134520358164e-02
-1.589000e+00 -5.944684869870279e+00 5.883873022367487e-02 9.947981176787101e-01 -1.018661134180320e-01 3.277869276697837e-02
-1.588000e+00 -5.946922138714580e+00 5.884692543544615e-02 9.948207592480925e-01 -1.016447586895100e-01 3.200080145968333e-02
-1.587000e+00 -5.949156250466926e+00 5.885506706742451e-02 9.948428360509923e-01 -1.014284553664226e-01 3.123749722800791e-02
-1.586000e+00 -5.951387224433054e+00 5.886315522935830e-02 9.948643603979860e-01 -1.012171152024507e-01 3.048860578889438e-02
-1.585000e+00 -5.953615080146347e+00 5.887119002456485e-02 9.948853443129294e-01 -1.010106512767035e-01 2.975395269513038e-02
-1.584000e+00 -5.955839837377225e+00 5.887917154979788e-02 9.949057995410144e-01 -1.008089779714825e-01 2.903336339923164e-02
-1.583000e+00 -5.958061516142774e+00 5.888709989511309e-02 9.949257375565635e-01 -1.006120109506218e-01 2.832666331602255e-02
-1.582000e+00 -5.960280136716658e+00 5.889497514372687e-02 9.949451695705716e-01 -1.004196671383979e-01 2.763367788393446e-02
-1.581000e+00 -5.962495719639317e+00 5.890279737187151e-02 9.949641065380026e-01 -1.002318646989783e-01 2.695423262474261e-02
-1.580000e+00 -5.964708285728475e+00 5.891056664864360e-02 9.949825591648512e-01 -1.000485230164010e-01 2.628815320207932e-02
-1.579000e+00 -5.966917856089949e+00 5.891828303584920e-02 9.950005379149753e-01 -9.986956267506990e-02 2.563526547845098e-02
-1.578000e+00 -5.969124452128729e+00 5.892594658784208e-02 9.950180530167090e-01 -9.969490544073767e-02 2.499539557099809e-02
-1.577000e+00 -5.971328095560350e+00 5.893355735135879e-02 9.950351144692623e-01 -9.952447424197747e-02 2.436836990555181e-02
-1.576000e+00 -5.973528808422650e+00 5.894111536534537e-02 9.950517320489151e-01 -9.935819315212112e-02 2.375401526962252e-02
-1.575000e+00 -5.975726613087740e+00 5.894862066078248e-02 9.950679153150123e-01 -9.919598737164555e-02 2.315215886367116e-02
-1.574000e+00 -5.977921532274297e+00 5.895607326050256e-02 9.950836736157669e-01 -9.903778321100427e-02 2.256262835118070e-02
-1.573000e+00 -5.980113589060227e+00 5.896347317900268e-02 9.950990160938773e-01 -9.888350807388148e-02 2.198525190716116e-02
-1.572000e+00 -5.982302806895528e+00 5.897082042225213e-02 9.951139516919638e-01 -9.873309044086401e-02 2.141985826526586e-02
-1.571000e+00 -5.984489209615520e+00 5.897811498749538e-02 9.951284891578334e-01 -9.858645985351108e-02 2.086627676348422e-02
-1.570000e+00 -5.986672821454352e+00 5.898535686304866e-02 9.951426370495740e-01 -9.844354689881910e-02 2.032433738854102e-02
-1.569000e+00 -5.988853667058724e+00 5.899254602809379e-02 9.951564037404880e-01 -9.830428319406470e-02 1.979387081856534e-02
-1.568000e+00 -5.991031771501948e+00 5.899968245246546e-02 9.951697974238680e-01 -9.816860137201404e-02 1.927470846482120e-02
-1.567000e+00 -5.993207160298247e+00 5.900676609643470e-02 9.951828261176203e-01 -9.803643506649072e-02 1.876668251156905e-02
-1.566000e+00 -5.995379859417218e+00 5.901379691048912e-02 9.951954976687407e-01 -9.790771889829419e-02 1.826962595489116e-02
-1.565000e+00 -5.997549895298590e+00 5.902077483510825e-02 9.952078197576494e-01 -9.778238846145111e-02 1.778337263994934e-02
-1.564000e+00 -5.999717294867114e+00 5.902769980053559e-02 9.952197999023865e-01 -9.766038030979508e-02 1.730775729698078e-02
-1.563000e+00 -6.001882085547603e+00 5.903457172654946e-02 9.952314454626761e-01 -9.754163194386496e-02 1.684261557585775e-02
-1.562000e+00 -6.004044295280115e+00 5.904139052222859e-02 9.952427636438599e-01 -9.742608179811056e-02 1.638778407947751e-02
-1.561000e+00 -6.006203952535198e+00 5.904815608571926e-02 9.952537615007077e-01 -9.731366922839015e-02 1.594310039549184e-02
-1.560000e+00 -6.008361086329128e+00 5.905486830399973e-02 9.952644459411065e-01 -9.720433449976479e-02 1.550840312718904e-02
