0.95387536e-3 6 0 0.0
-2.040000e+00 -3.986801314152453e+00 -2.150144828787259e-02 -9.645454672451745e-01 2.639167323547106e-01 1.001784358400076e+00
-2.039000e+00 -4.003837200649779e+00 -2.237393182842514e-02 -9.642262854243344e-01 2.650804981449784e-01 1.002068936466932e+00
-2.038000e+00 -4.020114580751847e+00 -2.318921291601642e-02 -9.639200111690731e-01 2.661920586114733e-01 1.002367070532725e+00
-2.037000e+00 -4.035728576131092e+00 -2.395484408316292e-02 -9.636248146507526e-01 2.672587072282261e-01 1.002678164704432e+00
-2.036000e+00 -4.050755817322622e+00 -2.467688879711749e-02 -9.633392227800103e-01 2.682863057511616e-01 1.003001703077221e+00
-2.035000e+00 -4.065259123027761e+00 -2.536030062339821e-02 -9.630620280416069e-01 2.692796504461246e-01 1.003337235660569e+00
-2.034000e+00 -4.079290758071185e+00 -2.600918681890153e-02 -9.627922251468478e-01 2.702427264456556e-01 1.003684367717769e+00
-2.033000e+00 -4.092894764685993e+00 -2.662699666559341e-02 -9.625289657619399e-01 2.711788894240302e-01 1.004042751564159e+00
-2.032000e+00 -4.106108670338087e+00 -2.721665922950642e-02 -9.622715253936198e-01 2.720909984116270e-01 1.004412080129830e+00
-2.031000e+00 -4.118964764574355e+00 -2.778068620034120e-02 -9.620192786828136e-01 2.729815148368091e-01 1.004792081800599e+00
-2.030000e+00 -4.131491070847331e+00 -2.832125004586098e-02 -9.617716806170720e-01 2.738525777914331e-01 1.005182516262848e+00
-2.029000e+00 -4.143712097940859e+00 -2.884024435060106e-02 -9.615282520338391e-01 2.747060620749935e-01 1.005583171083961e+00
-2.028000e+00 -4.155649429195908e+00 -2.933933105868796e-02 -9.612885682708990e-01 2.755436236091938e-01 1.005993858875215e+00
-2.027000e+00 -4.167322190395961e+00 -2.981997793126784e-02 -9.610522501616080e-01 2.763667354427988e-01 1.006414414926281e+00
-2.026000e+00 -4.178747425535867e+00 -3.028348858395534e-02 -9.608189568193027e-01 2.771767165846851e-01 1.006844695193677e+00
-2.025000e+00 -4.189940401724622e+00 -3.073102682274842e-02 -9.605883797938154e-01 2.779747553377694e-01 1.007284574578257e+00
-2.024000e+00 -4.200914858910278e+00 -3.116363654579623e-02 -9.603602382851049e-01 2.787619283922691e-01 1.007733945457694e+00
-2.023000e+00 -4.211683216166629e+00 -3.158225815858003e-02 -9.601342751962321e-01 2.795392165571872e-01 1.008192716411845e+00
-2.022000e+00 -4.222256743441307e+00 -3.198774221994986e-02 -9.599102538633445e-01 2.803075177871789e-01 1.008660811084487e+00
-2.021000e+00 -4.232645705581296e+00 -3.238086086830504e-02 -9.596879553026837e-01 2.810676581304831e-01 1.009138167212542e+00
-2.020000e+00 -4.242859483921635e+00 -3.276231745313084e-02 -9.594671758957639e-01 2.818204009269151e-01 1.009624735753394e+00
-2.019000e+00 -4.252906679568679e+00 -3.313275470411837e-02 -9.592477254273901e-01 2.825664545949826e-01 1.010120480102263e+00
-2.018000e+00 -4.262795201639536e+00 -3.349276169985371e-02 -9.590294254072480e-01 2.833064792817908e-01 1.010625375400037e+00
-2.017000e+00 -4.272532343054120e+00 -3.384287984441201e-02 -9.588121076334418e-01 2.840410925473937e-01 1.011139407900544e+00
-2.016000e+00 -4.282124845961842e+00 -3.418360801879564e-02 -9.585956129500841e-01 2.847708742706188e-01 1.011662574404891e+00
-2.015000e+00 -4.291578958486370e+00 -3.451540704200688e-02 -9.583797901743446e-01 2.854963708795248e-01 1.012194881736713e+00
-2.014000e+00 -4.300900484156576e+00 -3.483870355127311e-02 -9.581644951588714e-01 2.862180990380326e-01 1.012736346269661e+00
-2.013000e+00 -4.310094825145381e+00 -3.515389339104217e-02 -9.579495899744158e-01 2.869365488533110e-01 1.013286993486203e+00
-2.012000e+00 -4.319167020238922e+00 -3.546134458446514e-02 -9.577349421890554e-01 2.876521866944986e-01 1.013846857576776e+00
-2.011000e+00 -4.328121778301721e+00 -3.576139994839955e-02 -9.575204242374364e-01 2.883654576542755e-01 1.014415981055752e+00
-2.010000e+00 -4.336963507873933e+00 -3.605437940268560e-02 -9.573059128569720e-01 2.890767877382747e-01 1.014994414417016e+00
-2.009000e+00 -4.345696343434398e+00 -3.634058201615629e-02 -9.570912885908620e-01 2.897865857894105e-01 1.015582215801354e+00
-2.008000e+00 -4.354324168777326e+00 -3.662028782504249e-02 -9.568764353431576e-01 2.904952452020031e-01 1.016179450688442e+00
-2.007000e+00 -4.362850637881939e+00 -3.689375945388138e-02 -9.566612399804715e-01 2.912031454483739e-01 1.016786191606472e+00
-2.006000e+00 -4.371279193595785e+00 -3.716124356443452e-02 -9.564455919754118e-01 2.919106534383493e-01 1.017402517854445e+00
-2.005000e+00 -4.379613084406111e+00 -3.742297215434122e-02 -9.562293830831892e-01 2.926181247433990e-01 1.018028515244003e+00
-2.004000e+00 -4.387855379532776e+00 -3.767916372405430e-02 -9.560125070507058e-01 2.933259046907111e-01 1.018664275849283e+00
-2.003000e+00 -4.396008982544310e+00 -3.793002432797127e-02 -9.557948593516135e-01 2.940343293512331e-01 1.019309897770865e+00
-2.002000e+00 -4.404076643669752e+00 -3.817574852345375e-02 -9.555763369451781e-01 2.947437264310055e-01 1.019965484909317e+00
-2.001000e+00 -4.412060970956096e+00 -3.841652022955561e-02 -9.553568380543088e-01 2.954544160828759e-01 1.020631146752546e+00
-2.000000e+00 -4.419964440401063e+00 -3.865251350570437e-02 -9.551362619646736e-01 2.961667116340904e-01 1.021306998163471e+00
-1.999000e+00 -4.427789405173974e+00 -3.888389325923315e-02 -9.549145088360229e-01 2.968809202600552e-01 1.021993159186631e+00
-1.998000e+00 -4.435538104023365e+00 -3.911081588952037e-02 -9.546914795300396e-01 2.975973435915448e-01 1.022689754854994e+00
-1.997000e+00 -4.443212668956977e+00 -3.933342987551394e-02 -9.544670754490476e-01 2.983162782748238e-01 1.023396915008090e+00
-1.996000e+00 -4.450815132270380e+00 -3.955187631257810e-02 -9.542411983860650e-01 2.990380164840691e-01 1.024114774115311e+00
-1.995000e+00 -4.458347432989953e+00 -3.976628940388792e-02 -9.540137503840601e-01 2.997628463938455e-01 1.024843471106498e+00
-1.994000e+00 -4.465811422789194e+00 -3.997679691096059e-02 -9.537846336035056e-01 3.004910526152592e-01 1.025583149208461e+00
-1.993000e+00 -4.473208871430018e+00 -4.018352056738531e-02 -9.535537501969326e-01 3.012229166005901e-01 1.026333955788194e+00
-1.992000e+00 -4.480541471774859e+00 -4.038657645934545e-02 -9.533210021894283e-01 3.019587170202974e-01 1.027096042202705e+00
-1.991000e+00 -4.487810844410426e+00 -4.058607537611562e-02 -9.530862913660386e-01 3.026987301098742e-01 1.027869563650239e+00
-1.990000e+00 -4.495018541919048e+00 -4.078212313336663e-02 -9.528495191618959e-01 3.034432300001830e-01 1.028654679032504e+00
-1.989000e+00 -4.502166052830180e+00 -4.097482087179875e-02 -9.526105865571173e-01 3.041924890251318e-01 1.029451550819878e+00
-1.988000e+00 -4.509254805280877e+00 -4.116426533336028e-02 -9.523693939754488e-01 3.049467780102560e-01 1.030260344920740e+00
-1.987000e+00 -4.516286170410832e+00 -4.135054911705455e-02 -9.521258411854228e-01 3.057063665463171e-01 1.031081230556758e+00
-1.986000e+00 -4.523261465515390e+00 -4.153376091614681e-02 -9.518798272037348e-01 3.064715232490419e-01 1.031914380143072e+00
-1.985000e+00 -4.530181956977265e+00 -4.171398573838585e-02 -9.516312502000653e-01 3.072425160075679e-01 1.032759969174831e+00
-1.984000e+00 -4.537048862995631e+00 -4.189130511069759e-02 -9.513800074046300e-01 3.080196122177386e-01 1.033618176114282e+00
-1.983000e+00 -4.543863356129417e+00 -4.206579726965751e-02 -9.511259950141726e-01 3.088030790136331e-01 1.034489182290360e+00
-1.982000e+00 -4.550626565670278e+00 -4.223753733892770e-02 -9.508691081019254e-01 3.095931834802713e-01 1.035373171792763e+00
-1.981000e+00 -4.557339579858674e+00 -4.240659749472507e-02 -9.506092405247560e-01 3.103901928685031e-01 1.036270331379926e+00
-1.980000e+00 -4.564003447955947e+00 -4.257304712028798e-02 -9.503462848319852e-01 3.111943747982011e-01 1.037180850386445e+00
-1.979000e+00 -4.570619182183295e+00 -4.273695295021442e-02 -9.500801321738254e-01 3.120059974560850e-01 1.038104920634846e+00
-1.978000e+00 -4.577187759538276e+00 -4.289837920547197e-02 -9.498106722075346e-01 3.128253297939146e-01 1.039042736356906e+00
-1.977000e+00 -4.583710123497971e+00 -4.305738771979607e-02 -9.495377930050773e-01 3.136526417153966e-01 1.039994494111839e+00
-1.976000e+00 -4.590187185617496e+00 -4.321403805813796e-02 -9.492613809572366e-01 3.144882042671238e-01 1.040960392715972e+00
-1.975000e+00 -4.596619827031531e+00 -4.336838762776081e-02 -9.489813206782157e-01 3.153322898211178e-01 1.041940633170854e+00
-1.974000e+00 -4.603008899865968e+00 -4.352049178252890e-02 -9.486974949063227e-01 3.161851722621852e-01 1.042935418602224e+00
-1.973000e+00 -4.609355228566272e+00 -4.367040392089160e-02 -9.484097844054108e-01 3.170471271657926e-01 1.043944954195015e+00
-1.972000e+00 -4.615659611148375e+00 -4.381817557801714e-02 -9.481180678613709e-01 3.179184319834583e-01 1.044969447140785e+00
-1.971000e+00 -4.621922820377609e+00 -4.396385651249706e-02 -9.478222217781950e-01 3.187993662218388e-01 1.046009106583174e+00
-1.970000e+00 -4.628145604880797e+00 -4.410749478800145e-02 -9.475221203697751e-01 3.196902116267645e-01 1.047064143572426e+00
-1.969000e+00 -4.634328690195835e+00 -4.424913685024013e-02 -9.472176354510671e-01 3.205912523611481e-01 1.048134771016706e+00
-1.968000e+00 -4.640472779763220e+00 -4.438882759955114e-02 -9.469086363226411e-01 3.215027751942373e-01 1.049221203648167e+00
-1.967000e+00 -4.646578555863362e+00 -4.452661045941643e-02 -9.465949896552796e-01 3.224250696821220e-01 1.050323657982371e+00
-1.966000e+00 -4.652646680503203e+00 -4.466252744117616e-02 -9.462765593688457e-01 3.233584283563049e-01 1.051442352288094e+00
-1.965000e+00 -4.658677796255513e+00 -4.479661920519734e-02 -9.459532065084389e-01 3.243031469110387e-01 1.052577506557197e+00
-1.964000e+00 -4.664672527053977e+00 -4.492892511872652e-02 -9.456247891151467e-01 3.252595243969565e-01 1.053729342482369e+00
-1.963000e+00 -4.670631478946593e+00 -4.505948331064379e-02 -9.452911620936987e-01 3.262278634138180e-01 1.054898083434586e+00
-1.962000e+00 -4.676555240810647e+00 -4.518833072331779e-02 -9.449521770748267e-01 3.272084703083731e-01 1.056083954446217e+00
-1.961000e+00 -4.682444385030839e+00 -4.531550316174343e-02 -9.446076822728416e-01 3.282016553753655e-01 1.057287182197241e+00
-1.960000e+00 -4.688299468143472e+00 -4.544103534013590e-02 -9.442575223384461e-01 3.292077330611465e-01 1.058507995003827e+00
-1.959000e+00 -4.694121031448597e+00 -4.556496092613517e-02 -9.439015382044663e-01 3.302270221760212e-01 1.059746622815152e+00
-1.958000e+00 -4.699909601591839e+00 -4.568731258277222e-02 -9.435395669289585e-01 3.312598461019892e-01 1.061003297204081e+00
-1.957000e+00 -4.705665691117982e+00 -4.580812200832959e-02 -9.431714415283660e-01 3.323065330162862e-01 1.062278251372931e+00
-1.956000e+00 -4.711389798997869e+00 -4.592741997422416e-02 -9.427969908076186e-01 3.333674161103620e-01 1.063571720152138e+00
-1.955000e+00 -4.717082411130215e+00 -4.604523636102955e-02 -9.424160391817819e-01 3.344428338190584e-01 1.064883940007586e+00
-1.954000e+00 -4.722744000819563e+00 -4.616160019274818e-02 -9.420284064902827e-01 3.355331300563010e-01 1.066215149051705e+00
-1.953000e+00 -4.728375029232208e+00 -4.627653966943471e-02 -9.416339078052723e-01 3.366386544521766e-01 1.067565587052996e+00
-1.952000e+00 -4.733975945830849e+00 -4.639008219826682e-02 -9.412323532307398e-01 3.377597626001708e-01 1.068935495452721e+00
-1.951000e+00 -4.739547188789452e+00 -4.650225442314694e-02 -9.408235476938951e-01 3.388968163094384e-01 1.070325117382672e+00
-1.950000e+00 -4.745089185389338e+00 -4.661308225293010e-02 -9.404072907280449e-01 3.400501838634092e-01 1.071734697685544e+00
-1.949000e+00 -4.750602352397462e+00 -4.672259088833703e-02 -9.399833762460580e-01 3.412202402863314e-01 1.073164482938698e+00
-1.948000e+00 -4.756087096428065e+00 -4.683080484764399e-02 -9.395515923039925e-01 3.424073676179182e-01 1.074614721481397e+00
-1.947000e+00 -4.761543814288213e+00 -4.693774799120199e-02 -9.391117208555734e-01 3.436119551931853e-01 1.076085663441788e+00
-1.946000e+00 -4.766972893308558e+00 -4.704344354485810e-02 -9.386635374946308e-01 3.448343999343245e-01 1.077577560770585e+00
-1.945000e+00 -4.772374711659682e+00 -4.714791412233224e-02 -9.382068111881470e-01 3.460751066461856e-01 1.079090667272170e+00
-1.944000e+00 -4.777749638654947e+00 -4.725118174660957e-02 -9.377413039952681e-01 3.473344883268206e-01 1.080625238644384e+00
-1.943000e+00 -4.783098035040728e+00 -4.735326787039712e-02 -9.372667707764901e-01 3.486129664803223e-01 1.082181532513759e+00
-1.942000e+00 -4.788420253274246e+00 -4.745419339569720e-02 -9.367829588877217e-01 3.499109714449738e-01 1.083759808478681e+00
-1.941000e+00 -4.793716637790109e+00 -4.755397869253775e-02 -9.362896078613758e-01 3.512289427293699e-01 1.085360328152820e+00
-1.940000e+00 -4.798987525255725e+00 -4.765264361691179e-02 -9.357864490735706e-01 3.525673293574970e-01 1.086983355209168e+00
-1.939000e+00 -4.804233244816434e+00 -4.775020752795541e-02 -9.352732053949715e-01 3.539265902277128e-01 1.088629155429296e+00
-1.938000e+00 -4.809454118330738e+00 -4.784668930441244e-02 -9.347495908268487e-01 3.553071944797049e-01 1.090297996751483e+00
-1.937000e+00 -4.814650460596017e+00 -4.794210736041684e-02 -9.342153101187551e-01 3.567096218771205e-01 1.091990149324536e+00
-1.936000e+00 -4.819822579565498e+00 -4.803647966062631e-02 -9.336700583698583e-01 3.581343631985424e-01 1.093705885560018e+00
-1.935000e+00 -4.824970776556515e+00 -4.812982373474042e-02 -9.331135206103249e-01 3.595819206442459e-01 1.095445480189206e+00
-1.934000e+00 -4.830095346450772e+00 -4.822215669143436e-02 -9.325453713632944e-01 3.610528082551018e-01 1.097209210321004e+00
-1.933000e+00 -4.835196577886842e+00 -4.831349523173323e-02 -9.319652741862611e-01 3.625475523444163e-01 1.098997355500880e+00
-1.932000e+00 -4.840274753445320e+00 -4.840385566185702e-02 -9.313728811900088e-01 3.640666919450635e-01 1.100810197772573e+00
-1.931000e+00 -4.845330149826905e+00 -4.849325390556029e-02 -9.307678325336342e-01 3.656107792730418e-01 1.102648021743283e+00
-1.930000e+00 -4.850363038023835e+00 -4.858170551598956e-02 -9.301497558960785e-01 3.671803802036072e-01 1.104511114647563e+00
-1.929000e+00 -4.855373683484983e+00 -4.866922568708137e-02 -9.295182659213330e-01 3.687760747643453e-01 1.106399766413982e+00
-1.928000e+00 -4.860362346274617e+00 -4.875582926452522e-02 -9.288729636352213e-01 3.703984576473298e-01 1.108314269735859e+00
-1.927000e+00 -4.865329281225637e+00 -4.884153075630408e-02 -9.282134358342605e-01 3.720481387357785e-01 1.110254920140925e+00
-1.926000e+00 -4.870274738087035e+00 -4.892634434284208e-02 -9.275392544434952e-01 3.737257436495445e-01 1.112222016063427e+00
-1.925000e+00 -4.875198961666139e+00 -4.901028388676704e-02 -9.268499758411444e-01 3.754319143110640e-01 1.114215858919787e+00
-1.924000e+00 -4.880102191965622e+00 -4.909336294231370e-02 -9.261451401501305e-01 3.771673095276088e-01 1.116236753182821e+00
-1.923000e+00 -4.884984664315835e+00 -4.917559476437563e-02 -9.254242704921027e-01 3.789326055965091e-01 1.118285006460448e+00
-1.922000e+00 -4.889846609502361e+00 -4.925699231722964e-02 -9.246868722035021e-01 3.807284969299043e-01 1.120360929574810e+00
-1.921000e+00 -4.894688253889116e+00 -4.933756828293975e-02 -9.239324320109167e-01 3.825556967010069e-01 1.122464836642902e+00
-1.920000e+00 -4.899509819537225e+00 -4.941733506945901e-02 -9.231604171629882e-01 3.844149375134342e-01 1.124597045159630e+00
-1.919000e+00 -4.904311524319759e+00 -4.949630481844293e-02 -9.223702745165961e-01 3.863069720936693e-01 1.126757876082358e+00
-1.918000e+00 -4.909093582032578e+00 -4.957448941278168e-02 -9.215614295750113e-01 3.882325740064342e-01 1.128947653916208e+00
-1.917000e+00 -4.913856202501464e+00 -4.965190048386868e-02 -9.207332854738888e-01 3.901925383966978e-01 1.131166706802812e+00
-1.916000e+00 -4.918599591685525e+00 -4.972854941861465e-02 -9.198852219136046e-01 3.921876827552830e-01 1.133415366608774e+00
-1.915000e+00 -4.923323951777263e+00 -4.980444736621641e-02 -9.190165940330084e-01 3.942188477127505e-01 1.135693969017506e+00
-1.914000e+00 -4.928029481299316e+00 -4.987960524469309e-02 -9.181267312222778e-01 3.962868978594867e-01 1.138002853622045e+00
-1.913000e+00 -4.932716375197954e+00 -4.995403374719772e-02 -9.172149358711552e-01 3.983927225927610e-01 1.140342364018201e+00
-1.912000e+00 -4.937384824933545e+00 -5.002774334811390e-02 -9.162804820462429e-01 4.005372369968923e-01 1.142712847903530e+00
-1.911000e+00 -4.942035018568176e+00 -5.010074430894592e-02 -9.153226140973788e-01 4.027213827473541e-01 1.145114657172707e+00
-1.910000e+00 -4.946667140850285e+00 -5.017304668401305e-02 -9.143405451838091e-01 4.049461290504883e-01 1.147548148019362e+00
-1.909000e+00 -4.951281373296757e+00 -5.024466032595160e-02 -9.133334557192480e-01 4.072124736104439e-01 1.150013681035814e+00
-1.908000e+00 -4.955877894272337e+00 -5.031559489103575e-02 -9.123004917274078e-01 4.095214436313804e-01 1.152511621317892e+00
-1.907000e+00 -4.960456879066506e+00 -5.038585984432443e-02 -9.112407631047125e-01 4.118740968504103e-01 1.155042338569533e+00
-1.906000e+00 -4.965018499968046e+00 -5.045546446463810e-02 -9.101533417832474e-01 4.142715226041820e-01 1.157606207209710e+00
-1.905000e+00 -4.969562926337251e+00 -5.052441784937575e-02 -9.090372597873870e-01 4.167148429300767e-01 1.160203606481918e+00
-1.904000e+00 -4.974090324675822e+00 -5.059272891917602e-02 -9.078915071779622e-01 4.192052137010325e-01 1.162834920564729e+00
-1.903000e+00 -4.978600858694806e+00 -5.066040642242867e-02 -9.067150298766484e-01 4.217438257945083e-01 1.165500538684014e+00
-1.902000e+00 -4.983094689380257e+00 -5.072745893964396e-02 -9.055067273615046e-01 4.243319062986635e-01 1.168200855228959e+00
-1.901000e+00 -4.987571975057130e+00 -5.079389488768161e-02 -9.042654502276969e-01 4.269707197507818e-01 1.170936269867673e+00
-1.900000e+00 -4.992032871451067e+00 -5.085972252384967e-02 -9.029899976022008e-01 4.296615694129247e-01 1.173707187666717e+00
-1.899000e+00 -4.996477531748443e+00 -5.092494994987399e-02 -9.016791144046817e-01 4.324057985809035e-01 1.176514019211597e+00
-1.898000e+00 -5.000906106654617e+00 -5.098958511574466e-02 -9.003314884430803e-01 4.352047919288890e-01 1.179357180730437e+00
-1.897000e+00 -5.005318744450476e+00 -5.105363582344457e-02 -8.989457473346024e-01 4.380599768856237e-01 1.182237094218235e+00
-1.896000e+00 -5.009715591047306e+00 -5.111710973056413e-02 -8.975204552386427e-01 4.409728250450585e-01 1.185154187565103e+00
-1.895000e+00 -5.014096790040072e+00 -5.118001435380468e-02 -8.960541093908893e-01 4.439448536065039e-01 1.188108894685540e+00
-1.894000e+00 -5.018462482759201e+00 -5.124235707237772e-02 -8.945451364241219e-01 4.469776268449565e-01 1.191101655650962e+00
-1.893000e+00 -5.022812808320810e+00 -5.130414513130068e-02 -8.929918884627028e-01 4.500727576068293e-01 1.194132916823303e+00
-1.892000e+00 -5.027147903675581e+00 -5.136538564459631e-02 -8.913926389744337e-01 4.532319088305621e-01 1.197203130992212e+00
-1.891000e+00 -5.031467903656170e+00 -5.142608559839334e-02 -8.897455783641881e-01 4.564567950873077e-01 1.200312757514382e+00
-1.890000e+00 -5.035772941023417e+00 -5.148625185394110e-02 -8.880488092920747e-01 4.597491841373165e-01 1.203462262455218e+00
-1.889000e+00 -5.040063146511079e+00 -5.154589115053027e-02 -8.863003416976046e-01 4.631108984970116e-01 1.206652118733060e+00
-1.888000e+00 -5.044338648869489e+00 -5.160501010833284e-02 -8.844980875098398e-01 4.665438170112596e-01 1.209882806266339e+00
-1.887000e+00 -5.048599574907894e+00 -5.166361523115791e-02 -8.826398550228955e-01 4.700498764228770e-01 1.213154812123209e+00
-1.886000e+00 -5.052846049535736e+00 -5.172171290912732e-02 -8.807233429143440e-01 4.736310729310134e-01 1.216468630673861e+00
-1.885000e+00 -5.057078195802701e+00 -5.177930942127699e-02 -8.787461338820373e-01 4.772894637296873e-01 1.219824763746293e+00
-1.884000e+00 -5.061296134937767e+00 -5.183641093808264e-02 -8.767056878753101e-01 4.810271685124233e-01 1.223223720783760e+00
-1.883000e+00 -5.065499986387149e+00 -5.189302352391424e-02 -8.745993348914635e-01 4.848463709335253e-01 1.226666019006853e+00
-1.882000e+00 -5.069689867851282e+00 -5.194915313942128e-02 -8.724242673114271e-01 4.887493200057875e-01 1.230152183576692e+00
-1.881000e+00 -5.073865895320730e+00 -5.200480564385337e-02 -8.701775317415232e-01 4.927383314216890e-01 1.233682747763039e+00
-1.880000e+00 -5.078028183111239e+00 -5.205998679731272e-02 -8.678560203309748e-01 4.968157887741518e-01 1.237258253114500e+00
-1.879000e+00 -5.082176843897877e+00 -5.211470226294696e-02 -8.654564615303543e-01 5.009841446546572e-01 1.240879249632413e+00
-1.878000e+00 -5.086311988748129e+00 -5.216895760908157e-02 -8.629754102551687e-01 5.052459216014745e-01 1.244546295947722e+00
-1.877000e+00 -5.090433727154335e+00 -5.222275831129294e-02 -8.604092374163556e-01 5.096037128677593e-01 1.248259959502012e+00
-1.876000e+00 -5.094542167065151e+00 -5.227610975442571e-02 -8.577541187787241e-01 5.140601829729030e-01 1.252020816731243e+00
-1.875000e+00 -5.098637414916266e+00 -5.232901723455530e-02 -8.550060231051385e-01 5.186180679979588e-01 1.255829453253591e+00
-1.874000e+00 -5.102719575660318e+00 -5.238148596089783e-02 -8.521606995435611e-01 5.232801755784644e-01 1.259686464060667e+00
-1.873000e+00 -5.106788752796011e+00 -5.243352105766948e-02 -8.492136642115324e-01 5.280493845431717e-01 1.263592453712971e+00
-1.872000e+00 -5.110845048396588e+00 -5.248512756589545e-02 -8.461601859320903e-01 5.329286441385661e-01 1.267548036539135e+00
-1.871000e+00 -5.114888563137520e+00 -5.253631044517132e-02 -8.429952710741598e-01 5.379209727707256e-01 1.271553836838331e+00
-1.870000e+00 -5.118919396323486e+00 -5.258707457537844e-02 -8.397136474473901e-01 5.430294561905460e-01 1.275610489088046e+00
-1.869000e+00 -5.122937645914782e+00 -5.263742475835475e-02 -8.363097472049605e-01 5.482572450319056e-01 1.279718638154639e+00
-1.868000e+00 -5.126943408552942e+00 -5.268736571952116e-02 -8.327776887025847e-01 5.536075516096045e-01 1.283878939510246e+00
-1.867000e+00 -5.130936779585863e+00 -5.273690210946577e-02 -8.291112572704806e-01 5.590836458593319e-01 1.288092059451506e+00
-1.866000e+00 -5.134917853092240e+00 -5.278603850548905e-02 -8.253038848487909e-01 5.646888503003168e-01 1.292358675324609e+00
-1.865000e+00 -5.138886721905407e+00 -5.283477941310669e-02 -8.213486284450372e-01 5.704265338774629e-01 1.296679475754796e+00
-1.864000e+00 -5.142843477636645e+00 -5.288312926751685e-02 -8.172381473774060e-01 5.763001045211993e-01 1.301055160879315e+00
-1.863000e+00 -5.146788210697865e+00 -5.293109243502829e-02 -8.129646792677222e-01 5.823130002525527e-01 1.305486442587364e+00
-1.862000e+00 -5.150721010323860e+00 -5.297867321445354e-02 -8.085200147660284e-01 5.884686786250746e-01 1.309974044762479e+00
-1.861000e+00 -5.154641964593875e+00 -5.302587583846620e-02 -8.038954709885313e-01 5.947706042871717e-01 1.314518703532585e+00
-1.860000e+00 -5.158551160452854e+00 -5.307270447492514e-02 -7.990818636754347e-01 6.012222344067075e-01 1.319121167523245e+00
-1.859000e+00 -5.162448683731979e+00 -5.311916322816588e-02 -7.940694780840023e-01 6.078270016833739e-01 1.323782198117603e+00
-1.858000e+00 -5.166334619168881e+00 -5.316525614025871e-02 -7.888480386614849e-01 6.145882946330238e-01 1.328502569721087e+00
-1.857000e+00 -5.170209050427371e+00 -5.321098719223829e-02 -7.834066775655373e-01 6.215094348002500e-01 1.333283070031445e+00
-1.856000e+00 -5.174072060116620e+00 -5.325636030529977e-02 -7.777339021321799e-01 6.285936505201534e-01 1.338124500317011e+00
-1.855000e+00 -5.177923729809989e+00 -5.330137934196945e-02 -7.718175614440754e-01 6.358440467964773e-01 1.343027675696299e+00
-1.854000e+00 -5.181764140063394e+00 -5.334604810724448e-02 -7.656448121804142e-01 6.432635708488537e-01 1.347993425428664e+00
-1.853000e+00 -5.185593370433248e+00 -5.339037034970565e-02 -7.592020840122702e-01 6.508549728099384e-01 1.353022593207762e+00
-1.852000e+00 -5.189411499494001e+00 -5.343434976260461e-02 -7.524750448619670e-01 6.586207610301855e-01 1.358116037463242e+00
-1.851000e+00 -5.193218604855305e+00 -5.347798998492340e-02 -7.454485664392907e-01 6.665631513919791e-01 1.363274631667790e+00
-1.850000e+00 -5.197014763178741e+00 -5.352129460240956e-02 -7.381066905605209e-01 6.746840100000855e-01 1.368499264651730e+00
-1.849000e+00 -5.200800050194252e+00 -5.356426714858803e-02 -7.304325968786075e-01 6.829847885693895e-01 1.373790840924247e+00
-1.848000e+00 -5.204574540716148e+00 -5.360691110574597e-02 -7.224085727854399e-01 6.914664518008835e-01 1.379150281002028e+00
-1.847000e+00 -5.208338308658766e+00 -5.364922990589877e-02 -7.140159864109281e-01 7.001293960045025e-01 1.384578521743634e+00
-1.846000e+00 -5.212091427051792e+00 -5.369122693172968e-02 -7.052352638100768e-01 7.089733582291590e-01 1.390076516694760e+00
-1.845000e+00 -5.215833968055285e+00 -5.373290551751000e-02 -6.960458716639030e-01 7.179973151340033e-01 1.395645236436337e+00
-1.844000e+00 -5.219566002974361e+00 -5.377426894999646e-02 -6.864263070180466e-01 7.271993708973945e-01 1.401285668944735e+00
-1.843000e+00 -5.223287602273427e+00 -5.381532046931009e-02 -6.763540958754406e-01 7.365766334825693e-01 1.406998819957692e+00
-1.842000e+00 -5.226998835590352e+00 -5.385606326979242e-02 -6.658058027292543e-01 7.461250786912698e-01 1.412785713348991e+00
-1.841000e+00 -5.230699771750145e+00 -5.389650050084405e-02 -6.547570534417688e-01 7.558394015716915e-01 1.418647391511876e+00
-1.840000e+00 -5.234390478778413e+00 -5.393663526774229e-02 -6.431825742105904e-01 7.657128549474916e-01 1.424584915750931e+00
-1.839000e+00 -5.238071023914489e+00 -5.397647063244408e-02 -6.310562497146703e-01 7.757370751073173e-01 1.430599366682538e+00
-1.838000e+00 -5.241741473624374e+00 -5.401600961436547e-02 -6.183512038862014e-01 7.859018950559195e-01 1.436691844644652e+00
-1.837000e+00 -5.245401893613289e+00 -5.405525519114833e-02 -6.050399071008251e-01 7.961951461893151e-01 1.442863470116811e+00
-1.836000e+00 -5.249052348838062e+00 -5.409421029940770e-02 -5.910943139064958e-01 8.066024498273042e-01 1.449115384148123e+00
-1.835000e+00 -5.252692903519199e+00 -5.413287783546259e-02 -5.764860356616822e-01 8.171070007575982e-01 1.455448748795865e+00
-1.834000e+00 -5.256323621152734e+00 -5.417126065605216e-02 -5.611865526366160e-01 8.276893457933542e-01 1.461864747575256e+00
-1.833000e+00 -5.259944564521802e+00 -5.420936157903360e-02 -5.451674701869413e-01 8.383271613457186e-01 1.468364585916933e+00
-1.832000e+00 -5.263555795708061e+00 -5.424718338406730e-02 -5.284008234553125e-01 8.489950351867482e-01 1.474949491637834e+00
-1.831000e+00 -5.267157376102722e+00 -5.428472881328571e-02 -5.108594347078438e-01 8.596642588650422e-01 1.481620715421804e+00
-1.830000e+00 -5.270749366417499e+00 -5.432200057194833e-02 -4.925173267320176e-01 8.703026386658533e-01 1.488379531310536e+00
-1.829000e+00 -5.274331826695344e+00 -5.435900132908093e-02 -4.733501946679977e-01 8.808743345152977e-01 1.495227237207291e+00
-1.828000e+00 -5.277904816320792e+00 -5.439573371810306e-02 -4.533359371677512e-01 8.913397377387797e-01 1.502165155392320e+00
-1.827000e+00 -5.281468394030298e+00 -5.443220033744259e-02 -4.324552457821488e-01 9.016554000256979e-01 1.509194633049099e+00
-1.826000e+00 -5.285022617922276e+00 -5.446840375113345e-02 -4.106922489098955e-01 9.117740272048401e-01 1.516317042804313e+00
-1.825000e+00 -5.288567545466929e+00 -5.450434648940458e-02 -3.880352035343944e-01 9.216445523183117e-01 1.523533783280064e+00
-1.824000e+00 -5.292103233515934e+00 -5.454003104925460e-02 -3.644772242806680e-01 9.312123028507837e-01 1.530846279658474e+00
-1.823000e+00 -5.295629738311840e+00 -5.457545989501527e-02 -3.400170351525134e-01 9.404192766027791e-01 1.538255984261345e+00
-1.822000e+00 -5.299147115497439e+00 -5.461063545890105e-02 -3.146597248290738e-01 9.492045393752031e-01 1.545764377141412e+00
-1.821000e+00 -5.302655420124836e+00 -5.464556014155012e-02 -2.884174817593966e-01 9.575047551921443e-01 1.553372966688890e+00
-1.820000e+00 -5.306154706664297e+00 -5.468023631255284e-02 -2.613102809062157e-01 9.652548560316673e-01 1.561083290253509e+00
-1.819000e+00 -5.309645029013096e+00 -5.471466631096782e-02 -2.333664902081991e-01 9.723888529019172e-01 1.568896914778547e+00
-1.818000e+00 -5.313126440504075e+00 -5.474885244582928e-02 -2.046233620767067e-01 9.788407836274625e-01 1.576815437452661e+00
-1.817000e+00 -5.316598993914009e+00 -5.478279699664404e-02 -1.751273741451842e-01 9.845457850323736e-01 1.584840486376911e+00
-1.816000e+00 -5.320062741471927e+00 -5.481650221387662e-02 -1.449343844157253e-01 9.894412687037238e-01 1.592973721246108e+00
-1.815000e+00 -5.323517734867179e+00 -5.484997031942624e-02 -1.141095693362709e-01 9.934681706959165e-01 1.601216834048962e+00
-1.814000e+00 -5.326964025257372e+00 -5.488320350709283e-02 -8.272711950550025e-02 9.965722370698086e-01 1.609571549783758e+00
-1.813000e+00 -5.330401663276228e+00 -5.491620394303432e-02 -5.086967655156587e-02 9.987052998795686e-01 1.618039627191263e+00
-1.812000e+00 -5.333830699041178e+00 -5.494897376621475e-02 -1.862750606327267e-02 9.998264929565843e-01 1.626622859506531e+00
-1.811000e+00 -5.337251182160835e+00 -5.498151508884357e-02 1.390258531746472e-02 9.999033543905584e-01 1.635323075228116e+00
-1.810000e+00 -5.340663161742478e+00 -5.501382999680465e-02 4.661856635143519e-02 9.989127635941674e-01 1.644142138905971e+00
-1.809000e+00 -5.344066686399228e+00 -5.504592055007809e-02 7.941469485880728e-02 9.968416655820936e-01 1.653081951949175e+00
-1.808000e+00 -5.347461804257100e+00 -5.507778878315494e-02 1.121831795612239e-01 9.936875435586049e-01 1.662144453453432e+00
-1.807000e+00 -5.350848562962061e+00 -5.510943670544043e-02 1.448159310396309e-01 9.894586126347705e-01 1.671331621048079e+00
-1.806000e+00 -5.354227009686807e+00 -5.514086630165219e-02 1.772063363484797e-01 9.841737216355401e-01 1.680645471764951e+00
-1.805000e+00 -5.357597191137531e+00 -5.517207953220851e-02 2.092509897404744e-01 9.778619653573974e-01 1.690088062928050e+00
-1.804000e+00 -5.360959153560482e+00 -5.520307833361141e-02 2.408513144864581e-01 9.705620249680827e-01 1.699661493065422e+00
-1.803000e+00 -5.364312942748469e+00 -5.523386461881975e-02 2.719150176402946e-01 9.623212681748639e-01 1.709367902843510e+00
-1.802000e+00 -5.367658604047219e+00 -5.526444027761683e-02 3.023573301355539e-01 9.531946521636070e-01 1.719209476025402e+00
-1.801000e+00 -5.370996182361613e+00 -5.529480717697013e-02 3.321019977479210e-01 9.432434802805900e-01 1.729188440450945e+00
-1.800000e+00 -5.374325722161887e+00 -5.532496716138380e-02 3.610820030193159e-01 9.325340675254491e-01 1.739307069043933e+00
-1.799000e+00 -5.377647267489560e+00 -5.535492205324608e-02 3.892400128351066e-01 9.211363701472904e-01 1.749567680842346e+00
-1.798000e+00 -5.380960861963424e+00 -5.538467365316840e-02 4.165285599226690e-01 9.091226313148010e-01 1.759972642055789e+00
-1.797000e+00 -5.384266548785413e+00 -5.541422374031690e-02 4.429099780670716e-01 8.965660886563946e-01 1.770524367148393e+00
-1.796000e+00 -5.387564370746191e+00 -5.544357407274247e-02 4.683561197681355e-01 8.835397812638296e-01 1.781225319949071e+00
-1.795000e+00 -5.390854370230903e+00 -5.547272638769827e-02 4.928478910755585e-01 8.701154844400680e-01 1.792078014790873e+00
-1.794000e+00 -5.394136589224624e+00 -5.550168240195622e-02 5.163746414613906e-01 8.563627909102661e-01 1.803085017677837e+00
-1.793000e+00 -5.397411069317806e+00 -5.553044381211563e-02 5.389334471209334e-01 8.423483481163526e-01 1.814248947481891e+00
-1.792000e+00 -5.400677851711608e+00 -5.555901229490512e-02 5.605283244399361e-01 8.281352531444111e-01 1.825572477169331e+00
-1.791000e+00 -5.403936977223180e+00 -5.558738950748048e-02 5.811694070857106e-01 8.137826001258835e-01 1.837058335060088e+00
-1.790000e+00 -5.407188486290762e+00 -5.561557708771651e-02 6.008721157962682e-01 7.993451697849409e-01 1.848709306117326e+00
-1.789000e+00 -5.410432418978794e+00 -5.564357665449356e-02 6.196563449907508e-01 7.848732471633261e-01 1.860528233270860e+00
-1.788000e+00 -5.413668814982860e+00 -5.567138980797839e-02 6.375456852132726e-01 7.704125513424211e-01 1.872518018774261e+00
-1.787000e+00 -5.416897713634638e+00 -5.569901812989986e-02 6.545666954984601e-01 7.560042600040202e-01 1.884681625596124e+00
-1.786000e+00 -5.420119153906704e+00 -5.572646318381964e-02 6.707482352589851e-01 7.416851116861907e-01 1.897022078848081e+00
-1.785000e+00 -5.423333174417222e+00 -5.575372651539979e-02 6.861208613681449e-01 7.274875693751989e-01 1.909542467248603e+00
-1.784000e+00 -5.426539813434667e+00 -5.578080965266141e-02 7.007162928404992e-01 7.134400303794761e-01 1.922245944624782e+00
-1.783000e+00 -5.429739108882375e+00 -5.580771410624327e-02 7.145669428910528e-01 6.995670690701034e-01 1.935135731453183e+00
-1.782000e+00 -5.432931098343078e+00 -5.583444136965130e-02 7.277055161514515e-01 6.858897008723410e-01 1.948215116439818e+00
-1.781000e+00 -5.436115819063303e+00 -5.586099291950799e-02 7.401646673824676e-01 6.724256577188300e-01 1.961487458142006e+00
-1.780000e+00 -5.439293307957761e+00 -5.588737021579361e-02 7.519767170562384e-01 6.591896669436818e-01 1.974956186631867e+00
-1.779000e+00 -5.442463601613636e+00 -5.591357470208537e-02 7.631734186212891e-01 6.461937272288354e-01 1.988624805202322e+00
-1.778000e+00 -5.445626736294821e+00 -5.593960780579122e-02 7.737857720189982e-01 6.334473766785705e-01 2.002496892119645e+00
-1.777000e+00 -5.448782747946035e+00 -5.596547093838011e-02 7.838438780118518e-01 6.209579493841278e-01 2.016576102419259e+00
-1.776000e+00 -5.451931672196952e+00 -5.599116549560777e-02 7.933768280684684e-01 6.087308179187382e-01 2.030866169750520e+00
-1.775000e+00 -5.455073544366236e+00 -5.601669285773841e-02 8.024126248418223e-01 5.967696201168897e-01 2.045370908269148e+00
-1.774000e+00 -5.458208399465440e+00 -5.604205438976354e-02 8.109781286597634e-01 5.850764692204843e-01 2.060094214578762e+00
-1.773000e+00 -5.461336272202991e+00 -5.606725144161513e-02 8.190990258663238e-01 5.736521470585109e-01 2.075040069724996e+00
-1.772000e+00 -5.464457196987960e+00 -5.609228534837699e-02 8.267998152888250e-01 5.624962803773595e-01 2.090212541241315e+00
-1.771000e+00 -5.467571207933859e+00 -5.611715743049098e-02 8.341038095395528e-01 5.516075007753298e-01 2.105615785248924e+00
-1.770000e+00 -5.470678338862414e+00 -5.614186899395991e-02 8.410331482769445e-01 5.409835889371978e-01 2.121254048611754e+00
-1.769000e+00 -5.473778623307151e+00 -5.616642133054834e-02 8.476088209426738e-01 5.306216040269850e-01 2.137131671151015e+00
-1.768000e+00 -5.476872094517057e+00 -5.619081571797745e-02 8.538506968434246e-01 5.205179992084790e-01 2.153253087915934e+00
-1.767000e+00 -5.479958785460124e+00 -5.621505342011895e-02 8.597775607757544e-01 5.106687243081309e-01 2.169622831516471e+00
-1.766000e+00 -5.483038728826810e+00 -5.623913568718357e-02 8.654071526763660e-01 5.010693166584688e-01 2.186245534518013e+00
-1.765000e+00 -5.486111957033537e+00 -5.626306375590840e-02 8.707562100359992e-01 4.917149811463372e-01 2.203125931900914e+00
-1.764000e+00 -5.489178502226088e+00 -5.628683884973889e-02 8.758405120354393e-01 4.826006604611098e-01 2.220268863584339e+00
-1.763000e+00 -5.492238396282883e+00 -5.631046217901008e-02 8.806749245557119e-01 4.737210964890535e-01 2.237679277019740e+00
-1.762000e+00 -5.495291670818374e+00 -5.633393494112129e-02 8.852734453772783e-01 4.650708837476747e-01 2.255362229853919e+00
-1.761000e+00 -5.498338357186198e+00 -5.635725832071284e-02 8.896492490227612e-01 4.566445156938130e-01 2.273322892662694e+00
-1.760000e+00 -5.501378486482424e+00 -5.638043348983528e-02 8.938147308178835e-01 4.484364246723882e-01 2.291566551760216e+00
-1.759000e+00 -5.504412089548710e+00 -5.640346160811730e-02 8.977815498419053e-01 4.404410162138248e-01 2.310098612083427e+00
-1.758000e+00 -5.507439196975390e+00 -5.642634382293175e-02 9.015606705231813e-01 4.326526983225595e-01 2.328924600155355e+00
-1.757000e+00 -5.510459839104538e+00 -5.644908126955762e-02 9.051624027027497e-01 4.250659063408699e-01 2.348050167128944e+00
-1.756000e+00 -5.513474046032989e+00 -5.647167507134042e-02 9.085964400453110e-01 4.176751239144934e-01 2.367481091914578e+00
-1.755000e+00 -5.516481847615346e+00 -5.649412633984793e-02 9.118718967218075e-01 4.104749005347016e-01 2.387223284391468e+00
-1.754000e+00 -5.519483273466815e+00 -5.651643617502685e-02 9.149973423258542e-01 4.034598660791723e-01 2.407282788710013e+00
-1.753000e+00 -5.522478352966233e+00 -5.653860566535181e-02 9.179808350133181e-01 3.966247427332935e-01 2.427665786681377e+00
-1.752000e+00 -5.525467115258811e+00 -5.656063588797745e-02 9.208299528799688e-01 3.899643546262586e-01 2.448378601263387e+00
-1.751000e+00 -5.528449589258980e+00 -5.658252790888410e-02 9.235518236077246e-01 3.834736354833880e-01 2.469427700141252e+00
-1.750000e+00 -5.531425803653205e+00 -5.660428278302147e-02 9.261531524246823e-01 3.771476345594960e-01 2.490819699407038e+00
-1.749000e+00 -5.534395786902617e+00 -5.662590155445320e-02 9.286402484343433e-01 3.709815210866994e-01 2.512561367342624e+00
-1.748000e+00 -5.537359567245829e+00 -5.664738525649344e-02 9.310190493753647e-01 3.649705874453339e-01 2.534659628305651e+00
-1.747000e+00 -5.540317172701515e+00 -5.666873491184715e-02 9.332951448797144e-01 3.591102512376286e-01 2.557121566726377e+00
-1.746000e+00 -5.543268631071073e+00 -5.668995153274380e-02 9.354737982981077e-01 3.533960564263716e-01 2.579954431212747e+00
-1.745000e+00 -5.546213969941207e+00 -5.671103612107015e-02 9.375599671649544e-01 3.478236736762603e-01 2.603165638774643e+00
-1.744000e+00 -5.549153216686452e+00 -5.673198966850308e-02 9.395583223731604e-01 3.423889000235439e-01 2.626762779160813e+00
-1.743000e+00 -5.552086398471735e+00 -5.675281315663597e-02 9.414732661309632e-01 3.370876579774117e-01 2.650753619324987e+00
-1.742000e+00 -5.555013542254881e+00 -5.677350755710627e-02 9.433089487685794e-01 3.319159941508056e-01 2.675146108010608e+00
-1.741000e+00 -5.557934674788981e+00 -5.679407383172088e-02 9.450692844634316e-01 3.268700774983501e-01 2.699948380470343e+00
-1.740000e+00 -5.560849822624931e+00 -5.681451293257738e-02 9.467579659481540e-01 3.219461972344357e-01 2.725168763316285e+00
-1.739000e+00 -5.563759012113727e+00 -5.683482580218555e-02 9.483784782642284e-01 3.171407604916569e-01 2.750815779508773e+00
-1.738000e+00 -5.566662269408909e+00 -5.685501337358557e-02 9.499341116209139e-01 3.124502897726054e-01 2.776898153488169e+00
-1.737000e+00 -5.569559620468817e+00 -5.687507657046537e-02 9.514279734159485e-01 3.078714202416671e-01 2.803424816449823e+00
-1.736000e+00 -5.572451091058974e+00 -5.689501630727458e-02 9.528629994724076e-01 3.034008968945981e-01 2.830404911774113e+00
-1.735000e+00 -5.575336706754308e+00 -5.691483348933805e-02 9.542419645421069e-01 2.990355716412688e-01 2.857847800608260e+00
-1.734000e+00 -5.578216492941406e+00 -5.693452901296767e-02 9.555674921239949e-01 2.947724003292350e-01 2.885763067611038e+00
-1.733000e+00 -5.581090474820773e+00 -5.695410376557026e-02 9.568420636425253e-01 2.906084397334557e-01 2.914160526861576e+00
-1.732000e+00 -5.583958677409000e+00 -5.697355862575661e-02 9.580680270285823e-01 2.865408445327817e-01 2.943050227938977e+00
-1.731000e+00 -5.586821125540900e+00 -5.699289446344737e-02 9.592476047429082e-01 2.825668642905489e-01 2.972442462178875e+00
-1.730000e+00 -5.589677843871717e+00 -5.701211213997652e-02 9.603829012791243e-01 2.786838404548994e-01 3.002347769109536e+00
-1.729000e+00 -5.592528856879209e+00 -5.703121250819466e-02 9.614759101816187e-01 2.748892033900709e-01 3.032776943077473e+00
-1.728000e+00 -5.595374188865748e+00 -5.705019641256948e-02 9.625285206106939e-01 2.711804694497538e-01 3.063741040064889e+00
-1.727000e+00 -5.598213863960365e+00 -5.706906468928558e-02 9.635425234855903e-01 2.675552381005099e-01 3.095251384706342e+00
-1.726000e+00 -5.601047906120850e+00 -5.708781816634213e-02 9.645196172339114e-01 2.640111891018049e-01 3.127319577512666e+00
-1.725000e+00 -5.603876339135733e+00 -5.710645766364879e-02 9.654614131738406e-01 2.605460797486129e-01 3.159957502304587e+00
-1.724000e+00 -5.606699186626326e+00 -5.712498399312071e-02 9.663694405541425e-01 2.571577421799187e-01 3.193177333868835e+00
-1.723000e+00 -5.609516472048615e+00 -5.714339795877219e-02 9.672451512747379e-01 2.538440807572822e-01 3.226991545836933e+00
-1.722000e+00 -5.612328218695332e+00 -5.716170035680732e-02 9.680899243095865e-01 2.506030695148386e-01 3.261412918800346e+00
-1.721000e+00 -5.615134449697849e+00 -5.717989197571064e-02 9.689050698517346e-01 2.474327496828284e-01 3.296454548665009e+00
-1.720000e+00 -5.617935188028061e+00 -5.719797359633681e-02 9.696918331992042e-01 2.443312272853528e-01 3.332129855255762e+00
-1.719000e+00 -5.620730456500347e+00 -5.721594599199658e-02 9.704513983990173e-01 2.412966708129059e-01 3.368452591175964e+00
-1.718000e+00 -5.623520277773375e+00 -5.723380992854413e-02 9.711848916656164e-01 2.383273089690833e-01 3.405436850935849e+00
-1.717000e+00 -5.626304674352043e+00 -5.725156616446073e-02 9.718933845884978e-01 2.354214284917883e-01 3.443097080351194e+00
-1.716000e+00 -5.629083668589280e+00 -5.726921545093851e-02 9.725778971432180e-01 2.325773720474031e-01 3.481448086227443e+00
-1.715000e+00 -5.631857282687861e+00 -5.728675853196261e-02 9.732394005186853e-01 2.297935361972351e-01 3.520505046336389e+00
-1.714000e+00 -5.634625538702240e+00 -5.730419614439099e-02 9.738788197728258e-01 2.270683694350403e-01 3.560283519693212e+00
-1.713000e+00 -5.637388458540345e+00 -5.732152901803485e-02 9.744970363279674e-01 2.244003702938307e-01 3.600799457148139e+00
-1.712000e+00 -5.640146063965310e+00 -5.733875787573644e-02 9.750948903163152e-01 2.217880855208709e-01 3.642069212297986e+00
-1.711000e+00 -5.642898376597309e+00 -5.735588343344492e-02 9.756731827853837e-01 2.192301083187235e-01 3.684109552732955e+00
-1.710000e+00 -5.645645417915202e+00 -5.737290640029386e-02 9.762326777724173e-01 2.167250766508013e-01 3.726937671627953e+00
-1.709000e+00 -5.648387209258380e+00 -5.738982747867329e-02 9.767741042562357e-01 2.142716716097309e-01 3.770571199687820e+00
-1.708000e+00 -5.651123771828361e+00 -5.740664736430520e-02 9.772981579944859e-01 2.118686158462005e-01 3.815028217464642e+00
-1.707000e+00 -5.653855126690583e+00 -5.742336674631425e-02 9.778055032534707e-01 2.095146720571779e-01 3.860327268049952e+00
-1.706000e+00 -5.656581294776068e+00 -5.743998630729821e-02 9.782967744376007e-01 2.072086415306714e-01 3.906487370166276e+00
-1.705000e+00 -5.659302296883054e+00 -5.745650672339913e-02 9.787725776246657e-01 2.049493627459417e-01 3.953528031661494e+00
-1.704000e+00 -5.662018153678728e+00 -5.747292866437023e-02 9.792334920129535e-01 2.027357100269139e-01 4.001469263424526e+00
-1.703000e+00 -5.664728885700795e+00 -5.748925279364502e-02 9.796800712857622e-01 2.005665922468741e-01 4.050331593738215e+00
-1.702000e+00 -5.667434513359225e+00 -5.750547976840162e-02 9.801128448984098e-01 1.984409515829474e-01 4.100136083078719e+00
-1.701000e+00 -5.670135056937760e+00 -5.752161023963002e-02 9.805323192926375e-01 1.963577623181756e-01 4.150904339383861e+00
-1.700000e+00 -5.672830536595597e+00 -5.753764485219515e-02 9.809389790428432e-01 1.943160296897415e-01 4.202658533801197e+00
-1.699000e+00 -5.675520972369029e+00 -5.755358424489928e-02 9.813332879383561e-01 1.923147887815585e-01 4.255421416933385e+00
-1.698000e+00 -5.678206384172958e+00 -5.756942905054577e-02 9.817156900057096e-01 1.903531034593697e-01 4.309216335602051e+00
-1.697000e+00 -5.680886791802555e+00 -5.758517989599817e-02 9.820866104745123e-01 1.884300653470233e-01 4.364067250142358e+00
-1.696000e+00 -5.683562214934781e+00 -5.760083740224204e-02 9.824464566903794e-01 1.865447928421440e-01 4.419998752251259e+00
-1.695000e+00 -5.686232673130011e+00 -5.761640218444230e-02 9.827956189781070e-01 1.846964301697234e-01 4.477036083407358e+00
-1.694000e+00 -5.688898185833573e+00 -5.763187485200151e-02 9.831344714580575e-01 1.828841464722567e-01 4.535205153880951e+00
-1.693000e+00 -5.691558772377308e+00 -5.764725600861718e-02 9.834633728185874e-01 1.811071349347894e-01 4.594532562358272e+00
-1.692000e+00 -5.694214451981097e+00 -5.766254625233790e-02 9.837826670471026e-01 1.793646119436322e-01 4.655045616200798e+00
-1.691000e+00 -5.696865243754438e+00 -5.767774617561729e-02 9.840926841221540e-01 1.776558162775835e-01 4.716772352355713e+00
-1.690000e+00 -5.699511166697993e+00 -5.769285636536843e-02 9.843937406689564e-01 1.759800083298655e-01 4.779741558954926e+00
-1.689000e+00 -5.702152239705062e+00 -5.770787740301723e-02 9.846861405803589e-01 1.743364693601366e-01 4.843982797611011e+00
-1.688000e+00 -5.704788481563172e+00 -5.772280986455423e-02 9.849701756053599e-01 1.727245007749231e-01 4.909526426448302e+00
-1.687000e+00 -5.707419910955551e+00 -5.773765432058534e-02 9.852461259069796e-01 1.711434234356905e-01 4.976403623884340e+00
-1.686000e+00 -5.710046546462676e+00 -5.775241133638242e-02 9.855142605913065e-01 1.695925769931292e-01 5.044646413199493e+00
-1.685000e+00 -5.712668406563805e+00 -5.776708147193216e-02 9.857748382093333e-01 1.680713192468087e-01 5.114287687915366e+00
-1.684000e+00 -5.715285509638421e+00 -5.778166528198519e-02 9.860281072331342e-01 1.665790255291551e-01 5.185361238013153e+00
-1.683000e+00 -5.717897873967844e+00 -5.779616331610225e-02 9.862743065078479e-01 1.651150881126972e-01 5.257901777025318e+00
-1.682000e+00 -5.720505517736630e+00 -5.781057611870145e-02 9.865136656808253e-01 1.636789156396779e-01 5.331944970030015e+00
-1.681000e+00 -5.723108459034180e+00 -5.782490422910383e-02 9.867464056091960e-01 1.622699325732648e-01 5.407527462578835e+00
-1.680000e+00 -5.725706715856157e+00 -5.783914818157796e-02 9.869727387471043e-01 1.608875786692069e-01 5.484686910599522e+00
-1.679000e+00 -5.728300306106082e+00 -5.785330850538303e-02 9.871928695136868e-01 1.595313084674383e-01 5.563462011300751e+00
-1.678000e+00 -5.730889247596767e+00 -5.786738572481293e-02 9.874069946428922e-01 1.582005908025992e-01 5.643892535122194e+00
-1.677000e+00 -5.733473558051865e+00 -5.788138035923729e-02 9.876153035161176e-01 1.568949083328295e-01 5.726019358766262e+00
-1.676000e+00 -5.736053255107354e+00 -5.789529292314332e-02 9.878179784786044e-01 1.556137570860729e-01 5.809884499350771e+00
-1.675000e+00 -5.738628356313080e+00 -5.790912392617542e-02 9.880151951404712e-01 1.543566460232167e-01 5.895531149725245e+00
-1.674000e+00 -5.741198879134252e+00 -5.792287387317461e-02 9.882071226632243e-01 1.531230966173007e-01 5.983003714997530e+00
-1.673000e+00 -5.743764840952966e+00 -5.793654326421774e-02 9.883939240324956e-01 1.519126424483664e-01 6.072347850306813e+00
-1.672000e+00 -5.746326259069734e+00 -5.795013259465375e-02 9.885757563177785e-01 1.507248288130797e-01 6.163610499900303e+00
-1.671000e+00 -5.748883150704999e+00 -5.796364235514202e-02 9.887527709198275e-01 1.495592123486989e-01 6.256839937557840e+00
-1.670000e+00 -5.751435533000677e+00 -5.797707303168707e-02 9.889251138063770e-01 1.484153606708022e-01 6.352085808413126e+00
-1.669000e+00 -5.753983423021720e+00 -5.799042510567343e-02 9.890929257367970e-01 1.472928520242004e-01 6.449399172227218e+00
-1.668000e+00 -5.756526837757616e+00 -5.800369905390113e-02 9.892563424762651e-01 1.461912749464974e-01 6.548832548172590e+00
-1.667000e+00 -5.759065794123988e+00 -5.801689534861728e-02 9.894154949999875e-01 1.451102279438968e-01 6.650439961176557e+00
-1.666000e+00 -5.761600308964118e+00 -5.803001445754982e-02 9.895705096879958e-01 1.440493191786766e-01 6.754276989891476e+00
-1.665000e+00 -5.764130399050559e+00 -5.804305684393810e-02 9.897215085109999e-01 1.430081661679174e-01 6.860400816351409e+00
-1.664000e+00 -5.766656081086676e+00 -5.805602296656421e-02 9.898686092077489e-01 1.419863954930788e-01 6.968870277377444e+00
-1.663000e+00 -5.769177371708279e+00 -5.806891327978216e-02 9.900119254543405e-01 1.409836425199372e-01 7.079745917804027e+00
-1.662000e+00 -5.771694287485211e+00 -5.808172823354683e-02 9.901515670258783e-01 1.399995511285578e-01 7.193090045590020e+00
-1.661000e+00 -5.774206844922950e+00 -5.809446827344259e-02 9.902876399508698e-01 1.390337734528434e-01 7.308966788895222e+00
-1.660000e+00 -5.776715060464266e+00 -5.810713384070978e-02 9.904202466587219e-01 1.380859696293455e-01 7.427442155191436e+00
-1.659000e+00 -5.779218950490833e+00 -5.811972537227101e-02 9.905494861206789e-01 1.371558075549804e-01 7.548584092490272e+00
-1.658000e+00 -5.781718531324926e+00 -5.813224330075688e-02 9.906754539845317e-01 1.362429626532764e-01 7.672462552771176e+00
-1.657000e+00 -5.784213819231051e+00 -5.814468805453006e-02 9.907982427034014e-01 1.353471176488497e-01 7.799149557693832e+00
-1.656000e+00 -5.786704830417715e+00 -5.815706005770849e-02 9.909179416588891e-01 1.344679623498118e-01 7.928719266685364e+00
-1.655000e+00 -5.789191581039001e+00 -5.816935973018918e-02 9.910346372788678e-01 1.336051934377666e-01 8.061248047495811e+00
-1.654000e+00 -5.791674087196465e+00 -5.818158748766807e-02 9.911484131501702e-01 1.327585142651856e-01 8.196814549315619e+00
-1.653000e+00 -5.794152364940748e+00 -5.819374374166259e-02 9.912593501264354e-01 1.319276346597518e-01 8.335499778567426e+00
-1.652000e+00 -5.796626430273411e+00 -5.820582889953027e-02 9.913675264313203e-01 1.311122707356005e-01 8.477387177459006e+00
-1.651000e+00 -5.799096299148704e+00 -5.821784336448841e-02 9.914730177573241e-01 1.303121447110167e-01 8.622562705426175e+00
-1.650000e+00 -5.801561987475403e+00 -5.822978753563093e-02 9.915758973604185e-01 1.295269847324520e-01 8.771114923570540e+00
-1.649000e+00 -5.804023511118635e+00 -5.824166180794627e-02 9.916762361506859e-01 1.287565247046112e-01 8.923135082211044e+00
-1.648000e+00 -5.806480885901743e+00 -5.825346657233280e-02 9.917741027791551e-01 1.280005041263585e-01 9.078717211678654e+00
-1.647000e+00 -5.808934127608193e+00 -5.826520221561417e-02 9.918695637210121e-01 1.272586679322437e-01 9.237958216482316e+00
-1.646000e+00 -5.811383251983434e+00 -5.827686912055322e-02 9.919626833553509e-01 1.265307663394632e-01 9.400957972977869e+00
-1.645000e+00 -5.813828274736960e+00 -5.828846766586419e-02 9.920535240416332e-01 1.258165546999949e-01 9.567819430688889e+00
-1.644000e+00 -5.816269211544207e+00 -5.829999822622506e-02 9.921421461929965e-01 1.251157933578129e-01 9.738648717415046e+00
-1.643000e+00 -5.818706078048557e+00 -5.831146117228899e-02 9.922286083465716e-01 1.244282475108683e-01 9.913555248299426e+00
-1.642000e+00 -5.821138889863451e+00 -5.832285687069336e-02 9.923129672309271e-01 1.237536870778115e-01 1.009265183899163e+01
-1.641000e+00 -5.823567662574429e+00 -5.833418568406821e-02 9.923952778307893e-01 1.230918865691419e-01 1.027605482309784e+01
-1.640000e+00 -5.825992411741248e+00 -5.834544797104424e-02 9.924755934491479e-01 1.224426249627215e-01 1.046388417407292e+01
-1.639000e+00 -5.828413152900048e+00 -5.835664408625987e-02 9.925539657668700e-01 1.218056855834693e-01 1.065626363174478e+01
-1.638000e+00 -5.830829901565572e+00 -5.836777438036484e-02 9.926304448999373e-01 1.211808559870429e-01 1.085332083366432e+01
-1.637000e+00 -5.833242673233370e+00 -5.837883920002588e-02 9.927050794544051e-01 1.205679278474302e-01 1.105518745146879e+01
-1.636000e+00 -5.835651483382113e+00 -5.838983888792907e-02 9.927779165791900e-01 1.199666968482625e-01 1.126199933247326e+01
-1.635000e+00 -5.838056347475890e+00 -5.840077378278147e-02 9.928490020167782e-01 1.193769625777416e-01 1.147389664669965e+01
-1.634000e+00 -5.840457280966619e+00 -5.841164421931176e-02 9.929183801519498e-01 1.187985284270314e-01 1.169102403957342e+01
-1.633000e+00 -5.842854299296483e+00 -5.842245052826906e-02 9.929860940586024e-01 1.182312014919935e-01 1.191353079052003e+01
-1.632000e+00 -5.845247417900353e+00 -5.843319303642166e-02 9.930521855447567e-01 1.176747924781776e-01 1.214157097770014e+01
-1.631000e+00 -5.847636652208384e+00 -5.844387206655245e-02 9.931166951958256e-01 1.171291156088944e-01 1.237530364914910e+01
-1.630000e+00 -5.850022017648547e+00 -5.845448793745561e-02 9.931796624162181e-01 1.165939885363172e-01 1.261489300058195e+01
-1.629000e+00 -5.852403529649338e+00 -5.846504096392888e-02 9.932411254693522e-01 1.160692322554716e-01 1.286050856013200e+01
-1.628000e+00 -5.854781203642444e+00 -5.847553145676702e-02 9.933011215161426e-01 1.155546710210076e-01 1.311232538034147e+01
-1.627000e+00 -5.857155055065503e+00 -5.848595972275274e-02 9.933596866520288e-01 1.150501322666915e-01 1.337052423766535e+01
-1.626000e+00 -5.859525099364988e+00 -5.849632606464585e-02 9.934168559426065e-01 1.145554465274635e-01 1.363529183984620e+01
-1.625000e+00 -5.861891351999068e+00 -5.850663078117113e-02 9.934726634579180e-01 1.140704473640322e-01 1.390682104146015e+01
-1.624000e+00 -5.864253828440619e+00 -5.851687416700497e-02 9.935271423054592e-01 1.135949712898758e-01 1.418531106798844e+01
-1.623000e+00 -5.866612544180223e+00 -5.852705651276094e-02 9.935803246619597e-01 1.131288577005657e-01 1.447096774878313e+01
-1.622000e+00 -5.868967514729358e+00 -5.853717810497117e-02 9.936322418039799e-01 1.126719488053582e-01 1.476400375927962e+01
-1.621000e+00 -5.871318755623531e+00 -5.854723922606988e-02 9.936829241373822e-01 1.122240895609386e-01 1.506463887287408e+01
-1.620000e+00 -5.873666282425679e+00 -5.855724015437045e-02 9.937324012257142e-01 1.117851276072815e-01 1.537310022284588e+01
-1.619000e+00 -5.876010110729410e+00 -5.856718116404634e-02 9.937807018175550e-01 1.113549132055159e-01 1.568962257477934e+01
-1.618000e+00 -5.878350256162534e+00 -5.857706252510563e-02 9.938278538728642e-01 1.109332991777349e-01 1.601444860991054e+01
-1.617000e+00 -5.880686734390655e+00 -5.858688450336486e-02 9.938738845883730e-01 1.105201408487044e-01 1.634782921986816e+01
-1.616000e+00 -5.883019561120726e+00 -5.859664736042267e-02 9.939188204220558e-01 1.101152959893813e-01 1.669002381329559e+01
-1.615000e+00 -5.885348752104917e+00 -5.860635135362843e-02 9.939626871167242e-01 1.097186247621658e-01 1.704130063486340e+01
-1.614000e+00 -5.887674323144350e+00 -5.861599673605274e-02 9.940055097227695e-01 1.093299896678733e-01 1.740193709718732e+01
-1.613000e+00 -5.889996290093191e+00 -5.862558375645047e-02 9.940473126200967e-01 1.089492554943065e-01 1.777222012621988e+01
-1.612000e+00 -5.892314668862598e+00 -5.863511265922804e-02 9.940881195392748e-01 1.085762892664348e-01 1.815244652067597e+01
-1.611000e+00 -5.894629475425023e+00 -5.864458368440285e-02 9.941279535819403e-01 1.082109601980479e-01 1.854292332610116e+01
-1.610000e+00 -5.896940725818442e+00 -5.865399706756345e-02 9.941668372404757e-01 1.078531396449335e-01 1.894396822420080e+01
-1.609000e+00 -5.899248436150852e+00 -5.866335303982651e-02 9.942047924170009e-01 1.075027010594064e-01 1.935590993810108e+01
-1.608000e+00 -5.901552622604775e+00 -5.867265182779237e-02 9.942418404416937e-01 1.071595199462636e-01 1.977908865418983e+01
-1.607000e+00 -5.903853301442004e+00 -5.868189365349533e-02 9.942780020904755e-01 1.068234738200008e-01 2.021385646128989e+01
-1.606000e+00 -5.906150489008443e+00 -5.869107873435433e-02 9.943132976020767e-01 1.064944421633551e-01 2.066057780786812e+01
-1.605000e+00 -5.908444201739036e+00 -5.870020728311996e-02 9.943477466945146e-01 1.061723063870298e-01 2.111962997807565e+01
-1.604000e+00 -5.910734456162944e+00 -5.870927950781787e-02 9.943813685809999e-01 1.058569497906375e-01 2.159140358742609e+01
-1.603000e+00 -5.913021268908838e+00 -5.871829561169063e-02 9.944141819852956e-01 1.055482575247713e-01 2.207630309893233e+01
-1.602000e+00 -5.915304656710278e+00 -5.872725579313578e-02 9.944462051565500e-01 1.052461165541842e-01 2.257474736060875e+01
-1.601000e+00 -5.917584636411407e+00 -5.873616024564058e-02 9.944774558836216e-01 1.049504156220428e-01 2.308717016521375e+01
-1.600000e+00 -5.919861224972644e+00 -5.874500915771606e-02 9.945079515089162e-01 1.046610452152048e-01 2.361402083322686e+01
-1.599000e+00 -5.922134439476721e+00 -5.875380271282359e-02 9.945377089417549e-01 1.043778975304890e-01 2.415576482002610e+01
-1.598000e+00 -5.924404297134749e+00 -5.876254108930293e-02 9.945667446712875e-01 1.041008664419185e-01 2.471288434829328e+01
-1.597000e+00 -5.926670815292598e+00 -5.877122446029316e-02 9.945950747789716e-01 1.038298474688852e-01 2.528587906674358e+01
-1.596000e+00 -5.928934011437377e+00 -5.877985299365256e-02 9.946227149506321e-01 1.035647377452077e-01 2.587526673630287e+01
-1.595000e+00 -5.931193903204189e+00 -5.878842685187306e-02 9.946496804881149e-01 1.033054359890664e-01 2.648158394485928e+01
-1.594000e+00 -5.933450508383030e+00 -5.879694619199279e-02 9.946759863205515e-01 1.030518424737663e-01 2.710538685185741e+01
-1.593000e+00 -5.935703844925976e+00 -5.880541116550309e-02 9.947016470152487e-01 1.028038589993186e-01 2.774725196397047e+01
-1.592000e+00 -5.937953930954487e+00 -5.881382191825334e-02 9.947266767882137e-01 1.025613888647993e-01 2.840777694315306e+01
-1.591000e+00 -5.940200784767019e+00 -5.882217859035080e-02 9.947510895143343e-01 1.023243368414609e-01 2.908758144847548e+01
-1.590000e+00 -5.942444424846888e+00 -5.883048131605596e-02 9.947748987372178e-01 1.020926091465884e-01 2.978730801312073e+01
-1.589000e+00 -5.944684869870279e+00 -5.883873022367487e-02 9.947981176787087e-01 1.018661134180444e-01 3.050762295806055e+01
-1.588000e+00 -5.946922138714580e+00 -5.884692543544615e-02 9.948207592480911e-01 1.016447586895244e-01 3.124921734392321e+01
-1.587000e+00 -5.949156250466926e+00 -5.885506706742451e-02 9.948428360509909e-01 1.014284553664372e-01 3.201280796262608e+01
-1.586000e+00 -5.951387224433054e+00 -5.886315522935830e-02 9.948643603979845e-01 1.012171152024652e-01 3.279913837047759e+01
-1.585000e+00 -5.953615080146347e+00 -5.887119002456485e-02 9.948853443129280e-01 1.010106512767185e-01 3.360897996441751e+01
-1.584000e+00 -5.955839837377225e+00 -5.887917154979788e-02 9.949057995410130e-01 1.008089779714968e-01 3.444313310319077e+01
-1.583000e+00 -5.958061516142774e+00 -5.888709989511309e-02 9.949257375565620e-01 1.006120109506372e-01 3.530242827530196e+01
-1.582000e+00 -5.960280136716658e+00 -5.889497514372687e-02 9.949451695705702e-01 1.004196671384111e-01 3.618772731564975e+01
-1.581000e+00 -5.962495719639317e+00 -5.890279737187151e-02 9.949641065380010e-01 1.002318646989930e-01 3.709992467283997e+01
-1.580000e+00 -5.964708285728475e+00 -5.891056664864360e-02 9.949825591648498e-01 1.000485230164153e-01 3.803994872918612e+01
-1.579000e+00 -5.966917856089949e+00 -5.891828303584920e-02 9.950005379149739e-01 9.986956267508429e-02 3.900876317554312e+01
-1.578000e+00 -5.969124452128729e+00 -5.892594658784208e-02 9.950180530167076e-01 9.969490544075152e-02 4.000736844315116e+01
-1.577000e+00 -5.971328095560350e+00 -5.893355735135879e-02 9.950351144692606e-01 9.952447424199447e-02 4.103680319475334e+01
-1.576000e+00 -5.973528808422650e+00 -5.894111536534537e-02 9.950517320489134e-01 9.935819315213701e-02 4.209814587726665e+01
-1.575000e+00 -5.975726613087740e+00 -5.894862066078248e-02 9.950679153150106e-01 9.919598737166180e-02 4.319251633851841e+01
-1.574000e+00 -5.977921532274297e+00 -5.895607326050256e-02 9.950836736157653e-01 9.903778321101969e-02 4.432107751037634e+01
-1.573000e+00 -5.980113589060227e+00 -5.896347317900268e-02 9.950990160938756e-01 9.888350807389837e-02 4.548503716096593e+01
-1.572000e+00 -5.982302806895528e+00 -5.897082042225213e-02 9.951139516919623e-01 9.873309044088040e-02 4.668564971842228e+01
-1.571000e+00 -5.984489209615520e+00 -5.897811498749538e-02 9.951284891578317e-01 9.858645985352769e-02 4.792421816907211e+01
-1.570000e+00 -5.986672821454352e+00 -5.898535686304866e-02 9.951426370495723e-01 9.844354689883551e-02 4.920209603260644e+01
-1.569000e+00 -5.988853667058724e+00 -5.899254602809379e-02 9.951564037404863e-01 9.830428319408206e-02 5.052068941720759e+01
-1.568000e+00 -5.991031771501948e+00 -5.899968245246546e-02 9.951697974238662e-01 9.816860137203254e-02 5.188145915745226e+01
-1.567000e+00 -5.993207160298247e+00 -5.900676609643470e-02 9.951828261176184e-01 9.803643506650959e-02 5.328592303796160e+01
-1.566000e+00 -5.995379859417218e+00 -5.901379691048912e-02 9.951954976687388e-01 9.790771889831357e-02 5.473565810588961e+01
-1.565000e+00 -5.997549895298590e+00 -5.902077483510825e-02 9.952078197576476e-01 9.778238846146843e-02 5.623230307520786e+01
-1.564000e+00 -5.999717294867114e+00 -5.902769980053559e-02 9.952197999023845e-01 9.766038030981550e-02 5.777756082604031e+01
-1.563000e+00 -6.001882085547603e+00 -5.903457172654946e-02 9.952314454626742e-01 9.754163194388393e-02 5.937320100212253e+01
-1.562000e+00 -6.004044295280115e+00 -5.904139052222859e-02 9.952427636438580e-01 9.742608179812982e-02 6.102106270975155e+01
-1.561000e+00 -6.006203952535198e+00 -5.904815608571926e-02 9.952537615007057e-01 9.731366922841019e-02 6.272305732137595e+01
-1.560000e+00 -6.008361086329128e+00 -5.905486830399973e-02 9.952644459411045e-01 9.720433449978529e-02 6.448117138721078e+01
