0.95387536e-3 1
3.590367576720489e+00 1.912981125116477e+00 0.000000000000000e+00 1.423365509309693e+00
3.590370372611056e+00 1.912977172937854e+00 0.000000000000000e+00 1.424364941192878e+00
3.590373097913271e+00 1.912973321156894e+00 0.000000000000000e+00 1.425364387405640e+00
3.590375754476298e+00 1.912969567144173e+00 0.000000000000000e+00 1.426363847572563e+00
3.590378320227854e+00 1.912965908345765e+00 0.000000000000000e+00 1.427363321329000e+00
3.590380868517742e+00 1.912962342281466e+00 0.000000000000000e+00 1.428362808320794e+00
3.590383329434677e+00 1.912958866542579e+00 0.000000000000000e+00 1.429362308204042e+00
3.590385728492189e+00 1.912955478790281e+00 0.000000000000000e+00 1.430361820644772e+00
3.590388067287648e+00 1.912952176753606e+00 0.000000000000000e+00 1.431361345318702e+00
3.590390347372059e+00 1.912948958227570e+00 0.000000000000000e+00 1.432360881910972e+00
3.590392546441743e+00 1.912945821071307e+00 0.000000000000000e+00 1.433360430115869e+00
3.590394737387716e+00 1.912942763206374e+00 0.000000000000000e+00 1.434359989636558e+00
3.590396850200710e+00 1.912939782614693e+00 0.000000000000000e+00 1.435359560184870e+00
3.590398886288671e+00 1.912936877337020e+00 0.000000000000000e+00 1.436359141481004e+00
3.590400894559747e+00 1.912934045471203e+00 0.000000000000000e+00 1.437358733253288e+00
3.590402876283596e+00 1.912931285170381e+00 0.000000000000000e+00 1.438358335237968e+00
3.590404761441204e+00 1.912928594641288e+00 0.000000000000000e+00 1.439357947178955e+00
3.590406646278510e+00 1.912925972142928e+00 0.000000000000000e+00 1.440357568827555e+00
3.590408460734225e+00 1.912923415984612e+00 0.000000000000000e+00 1.441357199942320e+00
3.590410229713694e+00 1.912920924524713e+00 0.000000000000000e+00 1.442356840288779e+00
3.590411954338673e+00 1.912918496169038e+00 0.000000000000000e+00 1.443356489639223e+00
3.590413635698548e+00 1.912916129369405e+00 0.000000000000000e+00 1.444356147772522e+00
3.590415274851367e+00 1.912913822622206e+00 0.000000000000000e+00 1.445355814473905e+00
3.590416872824818e+00 1.912911574467046e+00 0.000000000000000e+00 1.446355489534768e+00
3.590418430617148e+00 1.912909383485396e+00 0.000000000000000e+00 1.447355172752489e+00
3.590419949198070e+00 1.912907248299293e+00 0.000000000000000e+00 1.448354863930219e+00
3.590421429509691e+00 1.912905167570067e+00 0.000000000000000e+00 1.449354562876742e+00
3.590422872467335e+00 1.912903139997139e+00 0.000000000000000e+00 1.450354269406259e+00
3.590424278960384e+00 1.912901164316810e+00 0.000000000000000e+00 1.451353983338253e+00
3.590425649853105e+00 1.912899239301110e+00 0.000000000000000e+00 1.452353704497295e+00
3.590426985985407e+00 1.912897363756701e+00 0.000000000000000e+00 1.453353432712904e+00
3.590428288173652e+00 1.912895536523768e+00 0.000000000000000e+00 1.454353167819379e+00
3.590429557211326e+00 1.912893756474983e+00 0.000000000000000e+00 1.455352909655668e+00
3.590430793869811e+00 1.912892022514495e+00 0.000000000000000e+00 1.456352658065210e+00
3.590431998899036e+00 1.912890333576932e+00 0.000000000000000e+00 1.457352412895786e+00
3.590433149469499e+00 1.912888688626435e+00 0.000000000000000e+00 1.458352173999409e+00
3.590434316966255e+00 1.912887086655858e+00 0.000000000000000e+00 1.459351941232150e+00
3.590435431402850e+00 1.912885526685619e+00 0.000000000000000e+00 1.460351714454079e+00
3.590436517008614e+00 1.912884007763096e+00 0.000000000000000e+00 1.461351493529064e+00
3.590437574435927e+00 1.912882528961663e+00 0.000000000000000e+00 1.462351278324703e+00
3.590438604319427e+00 1.912881089379897e+00 0.000000000000000e+00 1.463351068712187e+00
3.590439607276573e+00 1.912879688140819e+00 0.000000000000000e+00 1.464350864566208e+00
3.590440583908173e+00 1.912878324391112e+00 0.000000000000000e+00 1.465350665764827e+00
3.590441534798912e+00 1.912876997300406e+00 0.000000000000000e+00 1.466350472189379e+00
3.590442460517826e+00 1.912875706060559e+00 0.000000000000000e+00 1.467350283724380e+00
3.590443361618808e+00 1.912874449884984e+00 0.000000000000000e+00 1.468350100257426e+00
3.590444238641056e+00 1.912873228007975e+00 0.000000000000000e+00 1.469349921679080e+00
3.590445092109524e+00 1.912872039684075e+00 0.000000000000000e+00 1.470349747882812e+00
3.590445922535369e+00 1.912870884187451e+00 0.000000000000000e+00 1.471349578764888e+00
3.590446730416361e+00 1.912869760811301e+00 0.000000000000000e+00 1.472349414224288e+00
3.590447516237316e+00 1.912868668867270e+00 0.000000000000000e+00 1.473349254162631e+00
3.590448280470427e+00 1.912867607684891e+00 0.000000000000000e+00 1.474349098484077e+00
3.590449000193427e+00 1.912866576611009e+00 0.000000000000000e+00 1.475348947095297e+00
3.590449722629638e+00 1.912865575009391e+00 0.000000000000000e+00 1.476348799905326e+00
3.590450448184190e+00 1.912864602260041e+00 0.000000000000000e+00 1.477348656825535e+00
3.590451107198951e+00 1.912863657758711e+00 0.000000000000000e+00 1.478348517769585e+00
3.590451793512540e+00 1.912862740916717e+00 0.000000000000000e+00 1.479348382653284e+00
3.590452437477222e+00 1.912861851160043e+00 0.000000000000000e+00 1.480348251394609e+00
3.590453062837839e+00 1.912860987929247e+00 0.000000000000000e+00 1.481348123913570e+00
3.590453669978669e+00 1.912860150678881e+00 0.000000000000000e+00 1.482348000132191e+00
3.590454235976829e+00 1.912859338877054e+00 0.000000000000000e+00 1.483347879974439e+00
3.590454831090633e+00 1.912858552005207e+00 0.000000000000000e+00 1.484347763366153e+00
3.590455385783631e+00 1.912857789557412e+00 0.000000000000000e+00 1.485347650235025e+00
3.590455923701143e+00 1.912857051040295e+00 0.000000000000000e+00 1.486347540510504e+00
3.590456445182360e+00 1.912856335972527e+00 0.000000000000000e+00 1.487347434123769e+00
3.590456950558241e+00 1.912855643884487e+00 0.000000000000000e+00 1.488347331007668e+00
3.590457440151737e+00 1.912854974317943e+00 0.000000000000000e+00 1.489347231096684e+00
3.590457914278010e+00 1.912854326825715e+00 0.000000000000000e+00 1.490347134326868e+00
3.590458373244732e+00 1.912853700971328e+00 0.000000000000000e+00 1.491347040635799e+00
3.590458817352181e+00 1.912853096328755e+00 0.000000000000000e+00 1.492346949962564e+00
3.590459223703368e+00 1.912852512482035e+00 0.000000000000000e+00 1.493346862247674e+00
3.590459662155160e+00 1.912851949025171e+00 0.000000000000000e+00 1.494346777433045e+00
3.590460063416530e+00 1.912851405561527e+00 0.000000000000000e+00 1.495346695461976e+00
3.590460427793102e+00 1.912850881703847e+00 0.000000000000000e+00 1.496346616279072e+00
3.590460825024411e+00 1.912850377073947e+00 0.000000000000000e+00 1.497346539830224e+00
3.590461185898165e+00 1.912849891302264e+00 0.000000000000000e+00 1.498346466062589e+00
3.590461533826547e+00 1.912849424027833e+00 0.000000000000000e+00 1.499346394924529e+00
3.590461869058272e+00 1.912848974897947e+00 0.000000000000000e+00 1.500346326365583e+00
3.590462191836436e+00 1.912848543567938e+00 0.000000000000000e+00 1.501346260336450e+00
3.590462479306680e+00 1.912848129700913e+00 0.000000000000000e+00 1.502346196788938e+00
3.590462800977103e+00 1.912847732967716e+00 0.000000000000000e+00 1.503346135675934e+00
3.590463087798903e+00 1.912847353046379e+00 0.000000000000000e+00 1.504346076951392e+00
3.590463363086025e+00 1.912846989622253e+00 0.000000000000000e+00 1.505346020570286e+00
3.590463604007752e+00 1.912846642387610e+00 0.000000000000000e+00 1.506345966488589e+00
3.590463879919842e+00 1.912846311041620e+00 0.000000000000000e+00 1.507345914663233e+00
3.590464121886521e+00 1.912845995289894e+00 0.000000000000000e+00 1.508345865052112e+00
3.590464353158749e+00 1.912845694844591e+00 0.000000000000000e+00 1.509345817614028e+00
3.590464573935286e+00 1.912845409424086e+00 0.000000000000000e+00 1.510345772308671e+00
3.590464784410616e+00 1.912845138752834e+00 0.000000000000000e+00 1.511345729096604e+00
3.590464961794031e+00 1.912844882561177e+00 0.000000000000000e+00 1.512345687939244e+00
3.590465152245043e+00 1.912844640585316e+00 0.000000000000000e+00 1.513345648798807e+00
3.590465355912408e+00 1.912844412566975e+00 0.000000000000000e+00 1.514345611638326e+00
3.590465504098787e+00 1.912844198253261e+00 0.000000000000000e+00 1.515345576421619e+00
3.590465688790903e+00 1.912843997396777e+00 0.000000000000000e+00 1.516345543113232e+00
3.590465818392943e+00 1.912843809755073e+00 0.000000000000000e+00 1.517345511678491e+00
3.590465961880856e+00 1.912843635090925e+00 0.000000000000000e+00 1.518345482083404e+00
3.590466096482690e+00 1.912843473171882e+00 0.000000000000000e+00 1.519345454294696e+00
3.590466245250163e+00 1.912843323770325e+00 0.000000000000000e+00 1.520345428279755e+00
3.590466362547675e+00 1.912843186663192e+00 0.000000000000000e+00 1.521345404006661e+00
3.590466471431849e+00 1.912843061632012e+00 0.000000000000000e+00 1.522345381444108e+00
3.590466572053962e+00 1.912842948462715e+00 0.000000000000000e+00 1.523345360561444e+00
3.590466664562290e+00 1.912842846945486e+00 0.000000000000000e+00 1.524345341328606e+00
3.590466726268263e+00 1.912842756874672e+00 0.000000000000000e+00 1.525345323716149e+00
3.590466825816102e+00 1.912842678048801e+00 0.000000000000000e+00 1.526345307695185e+00
3.590466894843775e+00 1.912842610270199e+00 0.000000000000000e+00 1.527345293237415e+00
3.590466956322169e+00 1.912842553345144e+00 0.000000000000000e+00 1.528345280315077e+00
3.590467010385650e+00 1.912842507083669e+00 0.000000000000000e+00 1.529345268900940e+00
3.590467057165973e+00 1.912842471299464e+00 0.000000000000000e+00 1.530345258968318e+00
3.590467096792411e+00 1.912842445809800e+00 0.000000000000000e+00 1.531345250491011e+00
3.590467129391777e+00 1.912842430435407e+00 0.000000000000000e+00 1.532345243443335e+00
3.590467132346826e+00 1.912842425000400e+00 0.000000000000000e+00 1.533345237800081e+00
3.590467174004735e+00 1.912842429332314e+00 0.000000000000000e+00 1.534345233536499e+00
3.590467186260286e+00 1.912842443261715e+00 0.000000000000000e+00 1.535345230628326e+00
3.590467169266062e+00 1.912842466622432e+00 0.000000000000000e+00 1.536345229051740e+00
3.590467168562756e+00 1.912842499251381e+00 0.000000000000000e+00 1.537345228783331e+00
3.590467184228714e+00 1.912842540988441e+00 0.000000000000000e+00 1.538345229800144e+00
3.590467170996821e+00 1.912842591676317e+00 0.000000000000000e+00 1.539345232079634e+00
3.590467151671505e+00 1.912842651160670e+00 0.000000000000000e+00 1.540345235599651e+00
3.590467126360189e+00 1.912842719289872e+00 0.000000000000000e+00 1.541345240338448e+00
3.590467095168381e+00 1.912842795915029e+00 0.000000000000000e+00 1.542345246274667e+00
3.590467058199768e+00 1.912842880889866e+00 0.000000000000000e+00 1.543345253387318e+00
3.590466992943502e+00 1.912842974070657e+00 0.000000000000000e+00 1.544345261655779e+00
3.590466967337779e+00 1.912843075316290e+00 0.000000000000000e+00 1.545345271059791e+00
3.590466913642910e+00 1.912843184487944e+00 0.000000000000000e+00 1.546345281579439e+00
3.590466831991230e+00 1.912843301449258e+00 0.000000000000000e+00 1.547345293195153e+00
3.590466767643874e+00 1.912843426066273e+00 0.000000000000000e+00 1.548345305887691e+00
3.590466698105369e+00 1.912843558207208e+00 0.000000000000000e+00 1.549345319638136e+00
3.590466646008871e+00 1.912843697742566e+00 0.000000000000000e+00 1.550345334427891e+00
3.590466566350346e+00 1.912843844544927e+00 0.000000000000000e+00 1.551345350238669e+00
3.590466459254678e+00 1.912843998489037e+00 0.000000000000000e+00 1.552345367052474e+00
3.590466369855870e+00 1.912844159451782e+00 0.000000000000000e+00 1.553345384851623e+00
3.590466298203899e+00 1.912844327311983e+00 0.000000000000000e+00 1.554345403618691e+00
3.590466199385069e+00 1.912844501950395e+00 0.000000000000000e+00 1.555345423336568e+00
3.590466095987957e+00 1.912844683249757e+00 0.000000000000000e+00 1.556345443988389e+00
3.590465965637731e+00 1.912844871094646e+00 0.000000000000000e+00 1.557345465557582e+00
3.590465853341006e+00 1.912845065371543e+00 0.000000000000000e+00 1.558345488027809e+00
3.590465759140856e+00 1.912845265968675e+00 0.000000000000000e+00 1.559345511383000e+00
3.590465638238290e+00 1.912845472775944e+00 0.000000000000000e+00 1.560345535607344e+00
3.590465513155109e+00 1.912845685685052e+00 0.000000000000000e+00 1.561345560685261e+00
3.590465383967230e+00 1.912845904589346e+00 0.000000000000000e+00 1.562345586601404e+00
3.590465250749433e+00 1.912846129383789e+00 0.000000000000000e+00 1.563345613340672e+00
3.590465113575417e+00 1.912846359964943e+00 0.000000000000000e+00 1.564345640888179e+00
3.590464972517741e+00 1.912846596230929e+00 0.000000000000000e+00 1.565345669229266e+00
3.590464827647946e+00 1.912846838081374e+00 0.000000000000000e+00 1.566345698349489e+00
3.590464679036519e+00 1.912847085417404e+00 0.000000000000000e+00 1.567345728234619e+00
3.590464526752933e+00 1.912847338141589e+00 0.000000000000000e+00 1.568345758870626e+00
3.590464370865699e+00 1.912847596157918e+00 0.000000000000000e+00 1.569345790243683e+00
3.590464211442300e+00 1.912847859371767e+00 0.000000000000000e+00 1.570345822340168e+00
3.590464048549345e+00 1.912848127689860e+00 0.000000000000000e+00 1.571345855146647e+00
3.590463882252470e+00 1.912848401020265e+00 0.000000000000000e+00 1.572345888649870e+00
3.590463712616436e+00 1.912848679272323e+00 0.000000000000000e+00 1.573345922836777e+00
3.590463517457890e+00 1.912848962356626e+00 0.000000000000000e+00 1.574345957694490e+00
3.590463363581484e+00 1.912849250185115e+00 0.000000000000000e+00 1.575345993210299e+00
3.590463184307738e+00 1.912849542670772e+00 0.000000000000000e+00 1.576346029371675e+00
3.590462979735704e+00 1.912849839727843e+00 0.000000000000000e+00 1.577346066166248e+00
3.590462816554419e+00 1.912850141271833e+00 0.000000000000000e+00 1.578346103581827e+00
3.590462606010901e+00 1.912850447219163e+00 0.000000000000000e+00 1.579346141606361e+00
3.590462436926316e+00 1.912850757487602e+00 0.000000000000000e+00 1.580346180227975e+00
3.590462242806196e+00 1.912851071995803e+00 0.000000000000000e+00 1.581346219434941e+00
3.590462023746121e+00 1.912851390663557e+00 0.000000000000000e+00 1.582346259215684e+00
3.590461824107875e+00 1.912851713411764e+00 0.000000000000000e+00 1.583346299558771e+00
3.590461643909293e+00 1.912852040162277e+00 0.000000000000000e+00 1.584346340452919e+00
3.590461416843869e+00 1.912852370837857e+00 0.000000000000000e+00 1.585346381886985e+00
3.590461231423184e+00 1.912852705362438e+00 0.000000000000000e+00 1.586346423849958e+00
3.590461021377790e+00 1.912853043660713e+00 0.000000000000000e+00 1.587346466330974e+00
3.590460808868904e+00 1.912853385658414e+00 0.000000000000000e+00 1.588346509319291e+00
3.590460593949297e+00 1.912853731282169e+00 0.000000000000000e+00 1.589346552804302e+00
3.590460376671101e+00 1.912854080459498e+00 0.000000000000000e+00 1.590346596775527e+00
3.590460135055368e+00 1.912854433118753e+00 0.000000000000000e+00 1.591346641222603e+00
3.590459935244532e+00 1.912854789189283e+00 0.000000000000000e+00 1.592346686135306e+00
3.590459711197460e+00 1.912855148601092e+00 0.000000000000000e+00 1.593346731503499e+00
3.590459484994458e+00 1.912855511285122e+00 0.000000000000000e+00 1.594346777317203e+00
3.590459256684768e+00 1.912855877173106e+00 0.000000000000000e+00 1.595346823566516e+00
3.590459026317085e+00 1.912856246197547e+00 0.000000000000000e+00 1.596346870241678e+00
3.590458793939586e+00 1.912856618291740e+00 0.000000000000000e+00 1.597346917333014e+00
3.590458537660802e+00 1.912856993389709e+00 0.000000000000000e+00 1.598346964830970e+00
3.590458323345173e+00 1.912857371426333e+00 0.000000000000000e+00 1.599347012726097e+00
3.590458063309308e+00 1.912857752337017e+00 0.000000000000000e+00 1.600347061009045e+00
3.590457823377131e+00 1.912858136058093e+00 0.000000000000000e+00 1.601347109670568e+00
3.590457603554650e+00 1.912858522526502e+00 0.000000000000000e+00 1.602347158701513e+00
3.590457360101251e+00 1.912858911679813e+00 0.000000000000000e+00 1.603347208092835e+00
3.590457093101485e+00 1.912859303456338e+00 0.000000000000000e+00 1.604347257835575e+00
3.590456846332350e+00 1.912859697795100e+00 0.000000000000000e+00 1.605347307920872e+00
3.590456619797687e+00 1.912860094635722e+00 0.000000000000000e+00 1.606347358339959e+00
3.590456348041908e+00 1.912860493918373e+00 0.000000000000000e+00 1.607347409084147e+00
3.590456118413174e+00 1.912860895584045e+00 0.000000000000000e+00 1.608347460144852e+00
3.590455843702478e+00 1.912861299574131e+00 0.000000000000000e+00 1.609347511513560e+00
3.590455611149820e+00 1.912861705830844e+00 0.000000000000000e+00 1.610347563181859e+00
3.590455355418712e+00 1.912862114296789e+00 0.000000000000000e+00 1.611347615141407e+00
3.590455098343248e+00 1.912862524915279e+00 0.000000000000000e+00 1.612347667383954e+00
3.590454818225725e+00 1.912862937630124e+00 0.000000000000000e+00 1.613347719901316e+00
3.590454580322799e+00 1.912863352385825e+00 0.000000000000000e+00 1.614347772685403e+00
3.590454319458625e+00 1.912863769127260e+00 0.000000000000000e+00 1.615347825728193e+00
3.590454035713907e+00 1.912864187799926e+00 0.000000000000000e+00 1.616347879021748e+00
3.590453772537499e+00 1.912864608349928e+00 0.000000000000000e+00 1.617347932558192e+00
3.590453508257056e+00 1.912865030723794e+00 0.000000000000000e+00 1.618347986329743e+00
3.590453242911395e+00 1.912865454868604e+00 0.000000000000000e+00 1.619348040328669e+00
3.590452998181938e+00 1.912865880731968e+00 0.000000000000000e+00 1.620348094547326e+00
3.590452730807108e+00 1.912866308261915e+00 0.000000000000000e+00 1.621348148978126e+00
3.590452440866065e+00 1.912866737407017e+00 0.000000000000000e+00 1.622348203613557e+00
3.590452171640860e+00 1.912867168116389e+00 0.000000000000000e+00 1.623348258446178e+00
3.590451901539486e+00 1.912867600339542e+00 0.000000000000000e+00 1.624348313468614e+00
3.590451652172516e+00 1.912868034026500e+00 0.000000000000000e+00 1.625348368673548e+00
3.590451380415142e+00 1.912868469127667e+00 0.000000000000000e+00 1.626348424053727e+00
3.590451107891250e+00 1.912868905593996e+00 0.000000000000000e+00 1.627348479601971e+00
3.590450813105027e+00 1.912869343376810e+00 0.000000000000000e+00 1.628348535311149e+00
3.590450560687443e+00 1.912869782428019e+00 0.000000000000000e+00 1.629348591174212e+00
3.590450255667831e+00 1.912870222699717e+00 0.000000000000000e+00 1.630348647184150e+00
3.590450010845351e+00 1.912870664144737e+00 0.000000000000000e+00 1.631348703334027e+00
3.590449735022549e+00 1.912871106716045e+00 0.000000000000000e+00 1.632348759616953e+00
3.590449458644759e+00 1.912871550367181e+00 0.000000000000000e+00 1.633348816026111e+00
3.590449181746247e+00 1.912871995052079e+00 0.000000000000000e+00 1.634348872554727e+00
3.590448904361076e+00 1.912872440725054e+00 0.000000000000000e+00 1.635348929196088e+00
3.590448605104450e+00 1.912872887340809e+00 0.000000000000000e+00 1.636348985943539e+00
3.590448326861312e+00 1.912873334854524e+00 0.000000000000000e+00 1.637349042790488e+00
3.590448048232091e+00 1.912873783221682e+00 0.000000000000000e+00 1.638349099730373e+00
3.590447769249832e+00 1.912874232398184e+00 0.000000000000000e+00 1.639349156756711e+00
3.590447511308501e+00 1.912874682340342e+00 0.000000000000000e+00 1.640349213863061e+00
3.590447231703805e+00 1.912875133004757e+00 0.000000000000000e+00 1.641349271043025e+00
3.590446951843658e+00 1.912875584348485e+00 0.000000000000000e+00 1.642349328290270e+00
3.590446641612171e+00 1.912876036328887e+00 0.000000000000000e+00 1.643349385598510e+00
3.590446391485029e+00 1.912876488903860e+00 0.000000000000000e+00 1.644349442961513e+00
3.590446111049991e+00 1.912876942031403e+00 0.000000000000000e+00 1.645349500373077e+00
3.590445830486414e+00 1.912877395670042e+00 0.000000000000000e+00 1.646349557827077e+00
3.590445549825450e+00 1.912877849778621e+00 0.000000000000000e+00 1.647349615317421e+00
3.590445247853205e+00 1.912878304316294e+00 0.000000000000000e+00 1.648349672838060e+00
3.590444988334972e+00 1.912878759242698e+00 0.000000000000000e+00 1.649349730383016e+00
3.590444707566695e+00 1.912879214517622e+00 0.000000000000000e+00 1.650349787946330e+00
3.590444426823565e+00 1.912879670101321e+00 0.000000000000000e+00 1.651349845522106e+00
3.590444146135667e+00 1.912880125954359e+00 0.000000000000000e+00 1.652349903104485e+00
3.590443865532923e+00 1.912880582037635e+00 0.000000000000000e+00 1.653349960687666e+00
3.590443563888852e+00 1.912881038312356e+00 0.000000000000000e+00 1.654350018265882e+00
3.590443304701418e+00 1.912881494740178e+00 0.000000000000000e+00 1.655350075833424e+00
3.590443003405166e+00 1.912881951282871e+00 0.000000000000000e+00 1.656350133384610e+00
3.590442744564245e+00 1.912882407902778e+00 0.000000000000000e+00 1.657350190913813e+00
3.590442443732354e+00 1.912882864562323e+00 0.000000000000000e+00 1.658350248415451e+00
3.590442185353433e+00 1.912883321224496e+00 0.000000000000000e+00 1.659350305883988e+00
3.590441885100929e+00 1.912883777852364e+00 0.000000000000000e+00 1.660350363313913e+00
3.590441627297952e+00 1.912884234409558e+00 0.000000000000000e+00 1.661350420699792e+00
3.590441327738326e+00 1.912884690859777e+00 0.000000000000000e+00 1.662350478036190e+00
3.590441070623769e+00 1.912885147167289e+00 0.000000000000000e+00 1.663350535317764e+00
3.590440792874463e+00 1.912885603296453e+00 0.000000000000000e+00 1.664350592539163e+00
3.590440515553877e+00 1.912886059212072e+00 0.000000000000000e+00 1.665350649695123e+00
3.590440238689439e+00 1.912886514879221e+00 0.000000000000000e+00 1.666350706780389e+00
3.590439962308388e+00 1.912886970263297e+00 0.000000000000000e+00 1.667350763789765e+00
3.590439686437798e+00 1.912887425329991e+00 0.000000000000000e+00 1.668350820718092e+00
3.590439411104551e+00 1.912887880045320e+00 0.000000000000000e+00 1.669350877560249e+00
3.590439115422176e+00 1.912888334375566e+00 0.000000000000000e+00 1.670350934311158e+00
3.590438862156819e+00 1.912888788287451e+00 0.000000000000000e+00 1.671350990965796e+00
3.590438588595247e+00 1.912889241747801e+00 0.000000000000000e+00 1.672351047519155e+00
3.590438294810321e+00 1.912889694723860e+00 0.000000000000000e+00 1.673351103966283e+00
3.590438022576795e+00 1.912890147183231e+00 0.000000000000000e+00 1.674351160302273e+00
3.590437771873693e+00 1.912890599093760e+00 0.000000000000000e+00 1.675351216522254e+00
3.590437501040465e+00 1.912891050423526e+00 0.000000000000000e+00 1.676351272621379e+00
3.590437230953575e+00 1.912891501141025e+00 0.000000000000000e+00 1.677351328594871e+00
3.590436940850365e+00 1.912891951214976e+00 0.000000000000000e+00 1.678351384437965e+00
3.590436693120147e+00 1.912892400614547e+00 0.000000000000000e+00 1.679351440145970e+00
3.590436425423872e+00 1.912892849309002e+00 0.000000000000000e+00 1.680351495714192e+00
3.590436158574458e+00 1.912893297268036e+00 0.000000000000000e+00 1.681351551138010e+00
3.590435892596640e+00 1.912893744461638e+00 0.000000000000000e+00 1.682351606412834e+00
3.590435627514970e+00 1.912894190860081e+00 0.000000000000000e+00 1.683351661534111e+00
3.590435342661428e+00 1.912894636433908e+00 0.000000000000000e+00 1.684351716497324e+00
3.590435100137573e+00 1.912895081154115e+00 0.000000000000000e+00 1.685351771298022e+00
3.590434837890200e+00 1.912895524991789e+00 0.000000000000000e+00 1.686351825931756e+00
3.590434576635666e+00 1.912895967918476e+00 0.000000000000000e+00 1.687351880394136e+00
3.590434287225555e+00 1.912896409905920e+00 0.000000000000000e+00 1.688351934680808e+00
3.590434057200130e+00 1.912896850926388e+00 0.000000000000000e+00 1.689351988787488e+00
3.590433799066223e+00 1.912897290952150e+00 0.000000000000000e+00 1.690352042709882e+00
3.590433542019373e+00 1.912897729955986e+00 0.000000000000000e+00 1.691352096443760e+00
3.590433286082759e+00 1.912898167910931e+00 0.000000000000000e+00 1.692352149984939e+00
3.590433031279400e+00 1.912898604790341e+00 0.000000000000000e+00 1.693352203329266e+00
3.590432777632153e+00 1.912899040567874e+00 0.000000000000000e+00 1.694352256472638e+00
3.590432525163752e+00 1.912899475217492e+00 0.000000000000000e+00 1.695352309410976e+00
3.590432273896754e+00 1.912899908713493e+00 0.000000000000000e+00 1.696352362140259e+00
3.590432023853582e+00 1.912900341030464e+00 0.000000000000000e+00 1.697352414656503e+00
3.590431754593181e+00 1.912900772143296e+00 0.000000000000000e+00 1.698352466955744e+00
3.590431527527683e+00 1.912901202027313e+00 0.000000000000000e+00 1.699352519034106e+00
3.590431281289064e+00 1.912901630657967e+00 0.000000000000000e+00 1.700352570887701e+00
3.590431036362494e+00 1.912902058011156e+00 0.000000000000000e+00 1.701352622512713e+00
3.590430792769659e+00 1.912902484063065e+00 0.000000000000000e+00 1.702352673905353e+00
3.590430530152776e+00 1.912902908790177e+00 0.000000000000000e+00 1.703352725061882e+00
3.590430280874478e+00 1.912903332169374e+00 0.000000000000000e+00 1.704352775978607e+00
3.590430070208366e+00 1.912903754177858e+00 0.000000000000000e+00 1.705352826651874e+00
3.590429811836161e+00 1.912904174792962e+00 0.000000000000000e+00 1.706352877078045e+00
3.590429595560761e+00 1.912904593992653e+00 0.000000000000000e+00 1.707352927253571e+00
3.590429360417881e+00 1.912905011754965e+00 0.000000000000000e+00 1.708352977174895e+00
3.590429126756599e+00 1.912905428058410e+00 0.000000000000000e+00 1.709353026838540e+00
3.590428894597478e+00 1.912905842881784e+00 0.000000000000000e+00 1.710353076241054e+00
3.590428663960937e+00 1.912906256204229e+00 0.000000000000000e+00 1.711353125379034e+00
3.590428434867273e+00 1.912906668005219e+00 0.000000000000000e+00 1.712353174249113e+00
3.590428187128932e+00 1.912907078264529e+00 0.000000000000000e+00 1.713353222847959e+00
3.590427981389068e+00 1.912907486962416e+00 0.000000000000000e+00 1.714353271172327e+00
3.590427757044430e+00 1.912907894079271e+00 0.000000000000000e+00 1.715353319218952e+00
3.590427534322496e+00 1.912908299595958e+00 0.000000000000000e+00 1.716353366984652e+00
3.590427313242889e+00 1.912908703493668e+00 0.000000000000000e+00 1.717353414466278e+00
3.590427065371169e+00 1.912909105753872e+00 0.000000000000000e+00 1.718353461660714e+00
3.590426876088526e+00 1.912909506358600e+00 0.000000000000000e+00 1.719353508564934e+00
3.590426631648603e+00 1.912909905289880e+00 0.000000000000000e+00 1.720353555175870e+00
3.590426425669103e+00 1.912910302530456e+00 0.000000000000000e+00 1.721353601490596e+00
3.590426213108948e+00 1.912910698063188e+00 0.000000000000000e+00 1.722353647506160e+00
3.590426022337173e+00 1.912911091871415e+00 0.000000000000000e+00 1.723353693219690e+00
3.590425793279838e+00 1.912911483938687e+00 0.000000000000000e+00 1.724353738628314e+00
3.590425586048274e+00 1.912911874249120e+00 0.000000000000000e+00 1.725353783729274e+00
3.590425400606899e+00 1.912912262787089e+00 0.000000000000000e+00 1.726353828519815e+00
3.590425197002384e+00 1.912912649537272e+00 0.000000000000000e+00 1.727353872997207e+00
3.590424995247906e+00 1.912913034484805e+00 0.000000000000000e+00 1.728353917158805e+00
3.590424795361645e+00 1.912913417615165e+00 0.000000000000000e+00 1.729353961002001e+00
3.590424597361671e+00 1.912913798914204e+00 0.000000000000000e+00 1.730354004524214e+00
3.590424401265961e+00 1.912914178368144e+00 0.000000000000000e+00 1.731354047722925e+00
3.590424178996159e+00 1.912914555963525e+00 0.000000000000000e+00 1.732354090595644e+00
3.590424014858671e+00 1.912914931687484e+00 0.000000000000000e+00 1.733354133139977e+00
3.590423796538730e+00 1.912915305527167e+00 0.000000000000000e+00 1.734354175353484e+00
3.590423636281516e+00 1.912915677470513e+00 0.000000000000000e+00 1.735354217233888e+00
3.590423430180436e+00 1.912916047505457e+00 0.000000000000000e+00 1.736354258778834e+00
3.590423265674679e+00 1.912916415620660e+00 0.000000000000000e+00 1.737354299986128e+00
3.590423063648443e+00 1.912916781804874e+00 0.000000000000000e+00 1.738354340853521e+00
3.590422875265685e+00 1.912917146047473e+00 0.000000000000000e+00 1.739354381378893e+00
3.590422705294687e+00 1.912917508338147e+00 0.000000000000000e+00 1.740354421560141e+00
3.590422548925782e+00 1.912917868666950e+00 0.000000000000000e+00 1.741354461395200e+00
3.590422340849828e+00 1.912918227024235e+00 0.000000000000000e+00 1.742354500882022e+00
3.590422183397326e+00 1.912918583401046e+00 0.000000000000000e+00 1.743354540018700e+00
3.590422033309149e+00 1.912918937788573e+00 0.000000000000000e+00 1.744354578803296e+00
3.590421831721419e+00 1.912919290178364e+00 0.000000000000000e+00 1.745354617233893e+00
3.590421700268285e+00 1.912919640562720e+00 0.000000000000000e+00 1.746354655308752e+00
3.590421517426215e+00 1.912919988933894e+00 0.000000000000000e+00 1.747354693026024e+00
3.590421375946552e+00 1.912920335284931e+00 0.000000000000000e+00 1.748354730384028e+00
3.590421197553028e+00 1.912920679608974e+00 0.000000000000000e+00 1.749354767381044e+00
3.590421032865496e+00 1.912921021899831e+00 0.000000000000000e+00 1.750354804015464e+00
3.590420906103554e+00 1.912921362151659e+00 0.000000000000000e+00 1.751354840285724e+00
3.590420734507761e+00 1.912921700358825e+00 0.000000000000000e+00 1.752354876190229e+00
3.590420604161298e+00 1.912922036516443e+00 0.000000000000000e+00 1.753354911727543e+00
3.590420456625712e+00 1.912922370619761e+00 0.000000000000000e+00 1.754354946896192e+00
3.590420283930916e+00 1.912922702664548e+00 0.000000000000000e+00 1.755354981694762e+00
3.590420149102955e+00 1.912923032647129e+00 0.000000000000000e+00 1.756355016121961e+00
3.590420027959570e+00 1.912923360564080e+00 0.000000000000000e+00 1.757355050176463e+00
3.590419889772911e+00 1.912923686412394e+00 0.000000000000000e+00 1.758355083857000e+00
3.590419753964955e+00 1.912924010189579e+00 0.000000000000000e+00 1.759355117162369e+00
3.590419620552345e+00 1.912924331893542e+00 0.000000000000000e+00 1.760355150091419e+00
3.590419489551802e+00 1.912924651522598e+00 0.000000000000000e+00 1.761355182643034e+00
3.590419360980070e+00 1.912924969075515e+00 0.000000000000000e+00 1.762355214816148e+00
3.590419207611852e+00 1.912925284551418e+00 0.000000000000000e+00 1.763355246609720e+00
3.590419091948044e+00 1.912925597950050e+00 0.000000000000000e+00 1.764355278022830e+00
3.590418990006655e+00 1.912925909271414e+00 0.000000000000000e+00 1.765355309054530e+00
3.590418838062388e+00 1.912926218515865e+00 0.000000000000000e+00 1.766355339703884e+00
3.590418755146277e+00 1.912926525684551e+00 0.000000000000000e+00 1.767355369970157e+00
3.590418641504380e+00 1.912926830778626e+00 0.000000000000000e+00 1.768355399852474e+00
3.590418503345872e+00 1.912927133799881e+00 0.000000000000000e+00 1.769355429350100e+00
3.590418388773021e+00 1.912927434750633e+00 0.000000000000000e+00 1.770355458462369e+00
3.590418282867460e+00 1.912927733633504e+00 0.000000000000000e+00 1.771355487188616e+00
3.590418179564382e+00 1.912928030451579e+00 0.000000000000000e+00 1.772355515528226e+00
3.590418092829897e+00 1.912928325208412e+00 0.000000000000000e+00 1.773355543480640e+00
3.590418013802688e+00 1.912928617907947e+00 0.000000000000000e+00 1.774355571045324e+00
3.590417918379973e+00 1.912928908554535e+00 0.000000000000000e+00 1.775355598221775e+00
3.590417792744705e+00 1.912929197152981e+00 0.000000000000000e+00 1.776355625009541e+00
3.590417735583519e+00 1.912929483708774e+00 0.000000000000000e+00 1.777355651408311e+00
3.590417648248478e+00 1.912929768227407e+00 0.000000000000000e+00 1.778355677417637e+00
3.590417563648526e+00 1.912930050715103e+00 0.000000000000000e+00 1.779355703037230e+00
3.590417481803805e+00 1.912930331178442e+00 0.000000000000000e+00 1.780355728266817e+00
3.590417376035812e+00 1.912930609624384e+00 0.000000000000000e+00 1.781355753106125e+00
3.590417326462386e+00 1.912930886060547e+00 0.000000000000000e+00 1.782355777555052e+00
3.590417234173269e+00 1.912931160494613e+00 0.000000000000000e+00 1.783355801613316e+00
3.590417163580672e+00 1.912931432935031e+00 0.000000000000000e+00 1.784355825280869e+00
3.590417114639626e+00 1.912931703390553e+00 0.000000000000000e+00 1.785355848557620e+00
3.590417049770766e+00 1.912931971870273e+00 0.000000000000000e+00 1.786355871443473e+00
3.590416987809434e+00 1.912932238383850e+00 0.000000000000000e+00 1.787355893938437e+00
3.590416902302843e+00 1.912932502941256e+00 0.000000000000000e+00 1.788355916042485e+00
3.590416872704755e+00 1.912932765553128e+00 0.000000000000000e+00 1.789355937755769e+00
3.590416819610565e+00 1.912933026230183e+00 0.000000000000000e+00 1.790355959078261e+00
3.590416737214762e+00 1.912933284983718e+00 0.000000000000000e+00 1.791355980010070e+00
3.590416722466182e+00 1.912933541825682e+00 0.000000000000000e+00 1.792356000551455e+00
3.590416678469119e+00 1.912933796768002e+00 0.000000000000000e+00 1.793356020702455e+00
3.590416600393064e+00 1.912934049823246e+00 0.000000000000000e+00 1.794356040463271e+00
3.590416599763738e+00 1.912934301004639e+00 0.000000000000000e+00 1.795356059834248e+00
3.590416565113252e+00 1.912934550325323e+00 0.000000000000000e+00 1.796356078815496e+00
3.590416533637561e+00 1.912934797799190e+00 0.000000000000000e+00 1.797356097407323e+00
3.590416505367841e+00 1.912935043440448e+00 0.000000000000000e+00 1.798356115610027e+00
3.590416461872084e+00 1.912935287263667e+00 0.000000000000000e+00 1.799356133423883e+00
3.590416458575975e+00 1.912935529283989e+00 0.000000000000000e+00 1.800356150849294e+00
3.590416440121320e+00 1.912935769516706e+00 0.000000000000000e+00 1.801356167886532e+00
3.590416425007762e+00 1.912936007977655e+00 0.000000000000000e+00 1.802356184535979e+00
3.590416413271955e+00 1.912936244683049e+00 0.000000000000000e+00 1.803356200798001e+00
3.590416404951876e+00 1.912936479649460e+00 0.000000000000000e+00 1.804356216672991e+00
3.590416400086832e+00 1.912936712893866e+00 0.000000000000000e+00 1.805356232161332e+00
3.590416398717561e+00 1.912936944433614e+00 0.000000000000000e+00 1.806356247263435e+00
3.590416364350220e+00 1.912937174286347e+00 0.000000000000000e+00 1.807356261979648e+00
3.590416406636904e+00 1.912937402470422e+00 0.000000000000000e+00 1.808356276310542e+00
3.590416416014797e+00 1.912937629004056e+00 0.000000000000000e+00 1.809356290256368e+00
3.590416429067222e+00 1.912937853906151e+00 0.000000000000000e+00 1.810356303817594e+00
3.590416445843241e+00 1.912938077195919e+00 0.000000000000000e+00 1.811356316994616e+00
3.590416466393876e+00 1.912938298892895e+00 0.000000000000000e+00 1.812356329787847e+00
3.590416490772147e+00 1.912938519016985e+00 0.000000000000000e+00 1.813356342197676e+00
3.590416519033268e+00 1.912938737588430e+00 0.000000000000000e+00 1.814356354224484e+00
3.590416515107536e+00 1.912938954627740e+00 0.000000000000000e+00 1.815356365868581e+00
3.590416587436211e+00 1.912939170156113e+00 0.000000000000000e+00 1.816356377130494e+00
3.590416596504197e+00 1.912939384194453e+00 0.000000000000000e+00 1.817356388010333e+00
3.590416636122602e+00 1.912939596764596e+00 0.000000000000000e+00 1.818356398508558e+00
3.590416720678348e+00 1.912939807888492e+00 0.000000000000000e+00 1.819356408625478e+00
3.590416737668817e+00 1.912940017588094e+00 0.000000000000000e+00 1.820356418361154e+00
3.590416830723317e+00 1.912940225886322e+00 0.000000000000000e+00 1.821356427716071e+00
3.590416852358290e+00 1.912940432805654e+00 0.000000000000000e+00 1.822356436690139e+00
3.590416918525753e+00 1.912940638369562e+00 0.000000000000000e+00 1.823356445283715e+00
3.590417029126761e+00 1.912940842601530e+00 0.000000000000000e+00 1.824356453496918e+00
3.590417104484021e+00 1.912941045525115e+00 0.000000000000000e+00 1.825356461329644e+00
3.590417159476583e+00 1.912941247164426e+00 0.000000000000000e+00 1.826356468781933e+00
3.590417269579008e+00 1.912941447544031e+00 0.000000000000000e+00 1.827356475853882e+00
3.590417359513804e+00 1.912941646688369e+00 0.000000000000000e+00 1.828356482545228e+00
3.590417419147868e+00 1.912941844622355e+00 0.000000000000000e+00 1.829356488855780e+00
3.590417515210827e+00 1.912942041371386e+00 0.000000000000000e+00 1.830356494785432e+00
3.590417629622402e+00 1.912942236960915e+00 0.000000000000000e+00 1.831356500333830e+00
3.590417771026226e+00 1.912942431416751e+00 0.000000000000000e+00 1.832356505500599e+00
3.590417887442060e+00 1.912942624764799e+00 0.000000000000000e+00 1.833356510285156e+00
3.590417974455656e+00 1.912942817031385e+00 0.000000000000000e+00 1.834356514686917e+00
3.590418137435070e+00 1.912943008243416e+00 0.000000000000000e+00 1.835356518705451e+00
3.590418228486563e+00 1.912943198427367e+00 0.000000000000000e+00 1.836356522339664e+00
3.590418372266411e+00 1.912943387610765e+00 0.000000000000000e+00 1.837356525588965e+00
3.590418557546291e+00 1.912943575821037e+00 0.000000000000000e+00 1.838356528452354e+00
3.590418710261647e+00 1.912943763085698e+00 0.000000000000000e+00 1.839356530928558e+00
3.590418852252279e+00 1.912943949432845e+00 0.000000000000000e+00 1.840356533016390e+00
3.590419035782239e+00 1.912944134890967e+00 0.000000000000000e+00 1.841356534714619e+00
3.590419184518435e+00 1.912944319488463e+00 0.000000000000000e+00 1.842356536021554e+00
3.590419389411401e+00 1.912944503254555e+00 0.000000000000000e+00 1.843356536935772e+00
3.590419577303522e+00 1.912944686218286e+00 0.000000000000000e+00 1.844356537455282e+00
3.590419772890950e+00 1.912944868409343e+00 0.000000000000000e+00 1.845356537578172e+00
3.590419976422800e+00 1.912945049857681e+00 0.000000000000000e+00 1.846356537302298e+00
3.590420188162391e+00 1.912945230593626e+00 0.000000000000000e+00 1.847356536625339e+00
3.590420408388266e+00 1.912945410647892e+00 0.000000000000000e+00 1.848356535544776e+00
3.590420637395257e+00 1.912945590051606e+00 0.000000000000000e+00 1.849356534057888e+00
3.590420875495672e+00 1.912945768836325e+00 0.000000000000000e+00 1.850356532161746e+00
3.590421123020540e+00 1.912945947034071e+00 0.000000000000000e+00 1.851356529853193e+00
3.590421380321082e+00 1.912946124677375e+00 0.000000000000000e+00 1.852356527128847e+00
3.590421647770145e+00 1.912946301799292e+00 0.000000000000000e+00 1.853356523985073e+00
3.590421901858184e+00 1.912946478433369e+00 0.000000000000000e+00 1.854356520417908e+00
3.590422214723809e+00 1.912946654614119e+00 0.000000000000000e+00 1.855356516423408e+00
3.590422485940031e+00 1.912946830376124e+00 0.000000000000000e+00 1.856356511996818e+00
3.590422827365244e+00 1.912947005755434e+00 0.000000000000000e+00 1.857356507133728e+00
3.590423152034342e+00 1.912947180788230e+00 0.000000000000000e+00 1.858356501828815e+00
3.590423472921698e+00 1.912947355511894e+00 0.000000000000000e+00 1.859356496076714e+00
3.590423840792689e+00 1.912947529964914e+00 0.000000000000000e+00 1.860356489871847e+00
3.590424168843462e+00 1.912947704186337e+00 0.000000000000000e+00 1.861356483207815e+00
3.590424539191216e+00 1.912947878216957e+00 0.000000000000000e+00 1.862356476078391e+00
3.590424953115551e+00 1.912948052098584e+00 0.000000000000000e+00 1.863356468476676e+00
3.590425393772432e+00 1.912948225874325e+00 0.000000000000000e+00 1.864356460395274e+00
3.590425822833638e+00 1.912948399588766e+00 0.000000000000000e+00 1.865356451826266e+00
3.590426253439993e+00 1.912948573288380e+00 0.000000000000000e+00 1.866356442761416e+00
3.590426735948338e+00 1.912948747021681e+00 0.000000000000000e+00 1.867356433192133e+00
3.590427221993877e+00 1.912948920838891e+00 0.000000000000000e+00 1.868356423108931e+00
3.590427729161620e+00 1.912949094792800e+00 0.000000000000000e+00 1.869356412501987e+00
3.590428202172646e+00 1.912949268938469e+00 0.000000000000000e+00 1.870356401360611e+00
3.590428811814693e+00 1.912949443334760e+00 0.000000000000000e+00 1.871356389674336e+00
3.590429357595037e+00 1.912949618042169e+00 0.000000000000000e+00 1.872356377430578e+00
3.590429946363686e+00 1.912949793126000e+00 0.000000000000000e+00 1.873356364617231e+00
3.590430628118740e+00 1.912949968655309e+00 0.000000000000000e+00 1.874356351221208e+00
3.590431235758920e+00 1.912950144702580e+00 0.000000000000000e+00 1.875356337227684e+00
3.590431987163434e+00 1.912950321346957e+00 0.000000000000000e+00 1.876356322622581e+00
3.590432717283702e+00 1.912950498671406e+00 0.000000000000000e+00 1.877356307389230e+00
3.590433484352844e+00 1.912950676766088e+00 0.000000000000000e+00 1.878356291510920e+00
3.590434268586812e+00 1.912950855727814e+00 0.000000000000000e+00 1.879356274969472e+00
3.590435140546056e+00 1.912951035661671e+00 0.000000000000000e+00 1.880356257745968e+00
3.590435981231852e+00 1.912951216680739e+00 0.000000000000000e+00 1.881356239819293e+00
3.590436936736976e+00 1.912951398909428e+00 0.000000000000000e+00 1.882356221168213e+00
3.590437980664446e+00 1.912951582482741e+00 0.000000000000000e+00 1.883356201769148e+00
3.590439038661961e+00 1.912951767548408e+00 0.000000000000000e+00 1.884356181596592e+00
3.590440094348242e+00 1.912951954269244e+00 0.000000000000000e+00 1.885356160623487e+00
3.590441298678749e+00 1.912952142825944e+00 0.000000000000000e+00 1.886356138821660e+00
3.590442557425397e+00 1.912952333417401e+00 0.000000000000000e+00 1.887356116159399e+00
3.590443974829209e+00 1.912952526266075e+00 0.000000000000000e+00 1.888356092603599e+00
3.590445375515674e+00 1.912952721618973e+00 0.000000000000000e+00 1.889356068116804e+00
3.590446934940898e+00 1.912952919755364e+00 0.000000000000000e+00 1.890356042660419e+00
3.590448578015017e+00 1.912953120988634e+00 0.000000000000000e+00 1.891356016190897e+00
3.590450435777297e+00 1.912953325675155e+00 0.000000000000000e+00 1.892355988661894e+00
3.590452317996855e+00 1.912953534218859e+00 0.000000000000000e+00 1.893355960020499e+00
3.590454487721063e+00 1.912953747085469e+00 0.000000000000000e+00 1.894355930211314e+00
3.590456760146620e+00 1.912953964808870e+00 0.000000000000000e+00 1.895355899169886e+00
3.590459281480409e+00 1.912954188011043e+00 0.000000000000000e+00 1.896355866826650e+00
3.590462071835481e+00 1.912954417418507e+00 0.000000000000000e+00 1.897355833102560e+00
3.590465058066637e+00 1.912954653887491e+00 0.000000000000000e+00 1.898355797907476e+00
3.590468490239988e+00 1.912954898439906e+00 0.000000000000000e+00 1.899355761140956e+00
3.590472384164464e+00 1.912955152303885e+00 0.000000000000000e+00 1.900355722685257e+00
3.590476724820479e+00 1.912955416975909e+00 0.000000000000000e+00 1.901355682402681e+00
3.590481607838444e+00 1.912955694307159e+00 0.000000000000000e+00 1.902355640131163e+00
3.590487444603881e+00 1.912955986628285e+00 0.000000000000000e+00 1.903355595678375e+00
