0.95387536e-3
4.404246162125660e+01 2.694286244521650e+00 1.912645776872962e+00 0.000000000000000e+00 1.423317589714544e+00 3
4.404162659971343e+01 2.694323660411966e+00 1.912632992242123e+00 0.000000000000000e+00 1.424315758832306e+00 3
4.404080620079176e+01 2.694362100001293e+00 1.912620117392209e+00 0.000000000000000e+00 1.425313915007653e+00 3
4.404000011997085e+01 2.694401581432844e+00 1.912607146559326e+00 0.000000000000000e+00 1.426312057415850e+00 3
4.403920805876501e+01 2.694442123390480e+00 1.912594074004654e+00 0.000000000000000e+00 1.427310185235675e+00 3
4.403842972469083e+01 2.694483745114789e+00 1.912580894010774e+00 0.000000000000000e+00 1.428308297648890e+00 3
4.403766483123307e+01 2.694526466419762e+00 1.912567600877977e+00 0.000000000000000e+00 1.429306393839716e+00 3
4.403691309781011e+01 2.694570307710016e+00 1.912554188920510e+00 0.000000000000000e+00 1.430304472994287e+00 3
4.403617424972047e+01 2.694615289998709e+00 1.912540652462792e+00 0.000000000000000e+00 1.431302534300115e+00 3
4.403544801808936e+01 2.692795691039747e+00 1.912948792839734e+00 0.000000000000000e+00 1.432360858282867e+00 5
4.403473413979615e+01 2.692793528346704e+00 1.912945642290663e+00 0.000000000000000e+00 1.433360404574263e+00 5
4.403403235740912e+01 2.692791426054115e+00 1.912942570020317e+00 0.000000000000000e+00 1.434359962036787e+00 5
4.403334241910736e+01 2.692789383079375e+00 1.912939573939877e+00 0.000000000000000e+00 1.435359530372134e+00 5
4.403266407860441e+01 2.692787398403869e+00 1.912936652014747e+00 0.000000000000000e+00 1.436359109289736e+00 5
4.403199709505706e+01 2.692785471073233e+00 1.912933802262560e+00 0.000000000000000e+00 1.437358698506482e+00 5
4.403134123298613e+01 2.692783600197620e+00 1.912931022751213e+00 0.000000000000000e+00 1.438358297746426e+00 5
4.403069626218128e+01 2.692781784952177e+00 1.912928311596917e+00 0.000000000000000e+00 1.439357906740524e+00 5
4.403006195761130e+01 2.692780024577586e+00 1.912925666962279e+00 0.000000000000000e+00 1.440357525226346e+00 5
4.402943809933022e+01 2.692778318380736e+00 1.912923087054403e+00 0.000000000000000e+00 1.441357152947815e+00 5
4.402882447238192e+01 2.692776665735536e+00 1.912920570123008e+00 0.000000000000000e+00 1.442356789654934e+00 5
4.402822086670443e+01 2.692775066083879e+00 1.912918114458579e+00 0.000000000000000e+00 1.443356435103527e+00 5
4.402762707703276e+01 2.692773518936715e+00 1.912915718390538e+00 0.000000000000000e+00 1.444356089054966e+00 5
4.402704290280550e+01 2.692772023875293e+00 1.912913380285422e+00 0.000000000000000e+00 1.445355751275928e+00 5
4.402646814806166e+01 2.692770580552557e+00 1.912911098545107e+00 0.000000000000000e+00 1.446355421538131e+00 5
4.402590262134706e+01 2.692769188694712e+00 1.912908871605022e+00 0.000000000000000e+00 1.447355099618076e+00 5
4.402534613562231e+01 2.692767848102930e+00 1.912906697932401e+00 0.000000000000000e+00 1.448354785296809e+00 5
4.402479850816087e+01 2.692763959409363e+00 1.912905149534667e+00 0.000000000000000e+00 1.449354560299934e+00 6
4.402425956045501e+01 2.692762524851022e+00 1.912903120142893e+00 0.000000000000000e+00 1.450354266569577e+00 6
4.402372911812475e+01 2.692761127577885e+00 1.912901142470350e+00 0.000000000000000e+00 1.451353980216922e+00 6
4.402320701082196e+01 2.692759766801676e+00 1.912899215273540e+00 0.000000000000000e+00 1.452353701064323e+00 6
4.402269307213999e+01 2.692758441765122e+00 1.912897337342282e+00 0.000000000000000e+00 1.453353428938894e+00 6
4.402218713952180e+01 2.692757151741719e+00 1.912895507498527e+00 0.000000000000000e+00 1.454353163672333e+00 6
4.402168905417055e+01 2.692755896035613e+00 1.912893724595201e+00 0.000000000000000e+00 1.455352905100762e+00 6
4.402119866096239e+01 2.692754673981484e+00 1.912891987515079e+00 0.000000000000000e+00 1.456352653064562e+00 6
4.402071580835918e+01 2.692753484944588e+00 1.912890295169669e+00 0.000000000000000e+00 1.457352407408216e+00 6
4.402024034832325e+01 2.692752328320789e+00 1.912888646498132e+00 0.000000000000000e+00 1.458352167980158e+00 6
4.401977213623383e+01 2.692751203536706e+00 1.912887040466216e+00 0.000000000000000e+00 1.459351934632614e+00 6
4.401931103080479e+01 2.692750110049974e+00 1.912885476065211e+00 0.000000000000000e+00 1.460351707221456e+00 6
4.401885689400554e+01 2.692749047349510e+00 1.912883952310932e+00 0.000000000000000e+00 1.461351485606061e+00 6
4.401840959097919e+01 2.692748014955958e+00 1.912882468242696e+00 0.000000000000000e+00 1.462351269649156e+00 6
4.401796898996719e+01 2.692747012422147e+00 1.912881022922339e+00 0.000000000000000e+00 1.463351059216689e+00 6
4.401753496223455e+01 2.692746039333692e+00 1.912879615433238e+00 0.000000000000000e+00 1.464350854177679e+00 6
4.401710738199363e+01 2.692745095309710e+00 1.912878244879332e+00 0.000000000000000e+00 1.465350654404080e+00 6
4.401668612633275e+01 2.692744180003594e+00 1.912876910384182e+00 0.000000000000000e+00 1.466350459770650e+00 6
4.401627107514517e+01 2.692743293103932e+00 1.912875611090011e+00 0.000000000000000e+00 1.467350270154808e+00 6
4.401586211105975e+01 2.692742434335558e+00 1.912874346156771e+00 0.000000000000000e+00 1.468350085436508e+00 6
4.401545911937411e+01 2.692741603460700e+00 1.912873114761205e+00 0.000000000000000e+00 1.469349905498098e+00 6
4.401506198798718e+01 2.692740800280270e+00 1.912871916095924e+00 0.000000000000000e+00 1.470349730224192e+00 6
4.401467060733400e+01 2.692740024635325e+00 1.912870749368471e+00 0.000000000000000e+00 1.471349559501535e+00 6
4.401428487032693e+01 2.692739276408615e+00 1.912869613800402e+00 0.000000000000000e+00 1.472349393218876e+00 6
4.401390467228923e+01 2.692738555526364e+00 1.912868508626352e+00 0.000000000000000e+00 1.473349231266823e+00 6
4.401352991089767e+01 2.692737861960163e+00 1.912867433093110e+00 0.000000000000000e+00 1.474349073537728e+00 6
4.401316048612290e+01 2.692737195729046e+00 1.912866386458676e+00 0.000000000000000e+00 1.475348919925538e+00 6
4.401279630017326e+01 2.692736556901798e+00 1.912865367991326e+00 0.000000000000000e+00 1.476348770325667e+00 6
4.401243725744016e+01 2.692735945599393e+00 1.912864376968650e+00 0.000000000000000e+00 1.477348624634859e+00 6
4.401208326443947e+01 2.692735361997737e+00 1.912863412676600e+00 0.000000000000000e+00 1.478348482751052e+00 6
4.401173422976425e+01 2.692734806330502e+00 1.912862474408506e+00 0.000000000000000e+00 1.479348344573235e+00 6
4.401139006402932e+01 2.692734278892383e+00 1.912861561464081e+00 0.000000000000000e+00 1.480348210001309e+00 6
4.401105067982245e+01 2.692732340236404e+00 1.912860968273197e+00 0.000000000000000e+00 1.481348121105004e+00 7
4.401071599165451e+01 2.692731743832298e+00 1.912860128886900e+00 0.000000000000000e+00 1.482347997018426e+00 7
4.401038591591454e+01 2.692731166422639e+00 1.912859314728883e+00 0.000000000000000e+00 1.483347876523997e+00 7
4.401006037081881e+01 2.692730607759356e+00 1.912858525259032e+00 0.000000000000000e+00 1.484347759544496e+00 7
4.400973927636863e+01 2.692730067614798e+00 1.912857759948079e+00 0.000000000000000e+00 1.485347646004257e+00 7
4.400942255430742e+01 2.692729545782490e+00 1.912857018277050e+00 0.000000000000000e+00 1.486347535829079e+00 7
4.400911012807322e+01 2.692729042078084e+00 1.912856299736736e+00 0.000000000000000e+00 1.487347428946157e+00 7
4.400880192276117e+01 2.692728556340293e+00 1.912855603827131e+00 0.000000000000000e+00 1.488347325284000e+00 7
4.400849786508041e+01 2.692728088432054e+00 1.912854930056887e+00 0.000000000000000e+00 1.489347224772352e+00 7
4.400819788331539e+01 2.692727638241732e+00 1.912854277942747e+00 0.000000000000000e+00 1.490347127342115e+00 7
4.400790190728778e+01 2.692727205684509e+00 1.912853647008994e+00 0.000000000000000e+00 1.491347032925266e+00 7
4.400760986831675e+01 2.692726790703891e+00 1.912853036786859e+00 0.000000000000000e+00 1.492346941454770e+00 7
4.400732169918459e+01 2.692726393273408e+00 1.912852446813951e+00 0.000000000000000e+00 1.493346852864509e+00 7
4.400703733409966e+01 2.692726013398430e+00 1.912851876633650e+00 0.000000000000000e+00 1.494346767089182e+00 7
4.400675670866301e+01 2.692725651118195e+00 1.912851325794499e+00 0.000000000000000e+00 1.495346684064231e+00 7
4.400647975983220e+01 2.692725306508055e+00 1.912850793849576e+00 0.000000000000000e+00 1.496346603725740e+00 7
4.400620642589128e+01 2.692724979681882e+00 1.912850280355836e+00 0.000000000000000e+00 1.497346526010346e+00 7
4.400593664641635e+01 2.692724670794737e+00 1.912849784873462e+00 0.000000000000000e+00 1.498346450855155e+00 7
4.400567036224577e+01 2.692724380045793e+00 1.912849306965150e+00 0.000000000000000e+00 1.499346378197620e+00 7
4.400540751544928e+01 2.692724107681476e+00 1.912848846195412e+00 0.000000000000000e+00 1.500346307975459e+00 7
4.400514804929819e+01 2.692723853998993e+00 1.912848402129807e+00 0.000000000000000e+00 1.501346240126535e+00 7
4.400489190823682e+01 2.692723619350050e+00 1.912847974334177e+00 0.000000000000000e+00 1.502346174588758e+00 7
4.400463903785494e+01 2.692723404144998e+00 1.912847562373825e+00 0.000000000000000e+00 1.503346111299950e+00 7
4.400438938485900e+01 2.692723208857311e+00 1.912847165812664e+00 0.000000000000000e+00 1.504346050197740e+00 7
4.400414289704726e+01 2.692722052086443e+00 1.912846969269832e+00 0.000000000000000e+00 1.505346017662145e+00 8
4.400389952328255e+01 2.692721801185423e+00 1.912846619665570e+00 0.000000000000000e+00 1.506345963241846e+00 8
4.400365921346792e+01 2.692721562907478e+00 1.912846285687153e+00 0.000000000000000e+00 1.507345911040350e+00 8
4.400342191852127e+01 2.692721337213954e+00 1.912845967012601e+00 0.000000000000000e+00 1.508345861011587e+00 8
4.400318759035222e+01 2.692721124088798e+00 1.912845663323603e+00 0.000000000000000e+00 1.509345813110008e+00 8
4.400295618183805e+01 2.692720923540251e+00 1.912845374305065e+00 0.000000000000000e+00 1.510345767290527e+00 8
4.400272764680243e+01 2.692720735602779e+00 1.912845099644662e+00 0.000000000000000e+00 1.511345723508450e+00 8
4.400250193999060e+01 2.692720560339250e+00 1.912844839032358e+00 0.000000000000000e+00 1.512345681719411e+00 8
4.400227901705060e+01 2.692720397843253e+00 1.912844592159900e+00 0.000000000000000e+00 1.513345641879299e+00 8
4.400205883451088e+01 2.692720248241737e+00 1.912844358720297e+00 0.000000000000000e+00 1.514345603944176e+00 8
4.400184134976033e+01 2.694432334804387e+00 1.912535265457055e+00 0.000000000000000e+00 1.515301422316344e+00 4
4.400162652102822e+01 2.694506056425064e+00 1.912523221824932e+00 0.000000000000000e+00 1.516299695935942e+00 4
4.400141430736466e+01 2.694582944517221e+00 1.912510759906224e+00 0.000000000000000e+00 1.517297909707571e+00 4
4.400120466862161e+01 2.694663141530079e+00 1.912497863075081e+00 0.000000000000000e+00 1.518296061250659e+00 4
4.400099756543541e+01 2.694746797504766e+00 1.912484513918385e+00 0.000000000000000e+00 1.519294148071757e+00 4
4.400079295920784e+01 2.694834070598734e+00 1.912470694179501e+00 0.000000000000000e+00 1.520292167556470e+00 4
4.400059081208852e+01 2.694925127657166e+00 1.912456384696830e+00 0.000000000000000e+00 1.521290116960640e+00 4
4.400039108695900e+01 2.695020144836160e+00 1.912441565336554e+00 0.000000000000000e+00 1.522287993400699e+00 4
4.400019374741509e+01 2.695119308283429e+00 1.912426214919015e+00 0.000000000000000e+00 1.523285793843087e+00 4
4.399999875775121e+01 2.695222814882723e+00 1.912410311137978e+00 0.000000000000000e+00 1.524283515092692e+00 4
4.399980608294449e+01 2.695330873068797e+00 1.912393830472072e+00 0.000000000000000e+00 1.525281153780118e+00 4
4.399961568863942e+01 2.695443703720730e+00 1.912376748087563e+00 0.000000000000000e+00 1.526278706347737e+00 4
4.399942754113291e+01 2.695561541142292e+00 1.912359037731477e+00 0.000000000000000e+00 1.527276169034355e+00 4
4.399924160735955e+01 2.695684634138630e+00 1.912340671614149e+00 0.000000000000000e+00 1.528273537858339e+00 4
4.399905785487776e+01 2.692718516942475e+00 1.912842469990264e+00 0.000000000000000e+00 1.529345263600637e+00 9
4.399887625185538e+01 2.692718498228253e+00 1.912842429697753e+00 0.000000000000000e+00 1.530345253023816e+00 9
4.399869676705639e+01 2.692718490131770e+00 1.912842399173194e+00 0.000000000000000e+00 1.531345243827072e+00 9
4.399851936982800e+01 2.692718492942327e+00 1.912842378177908e+00 0.000000000000000e+00 1.532345235976219e+00 9
4.399834403008732e+01 2.692718507000837e+00 1.912842366470037e+00 0.000000000000000e+00 1.533345229436620e+00 9
4.399817071830913e+01 2.692718532705651e+00 1.912842363803737e+00 0.000000000000000e+00 1.534345224173068e+00 9
4.399799940551365e+01 2.692718570519007e+00 1.912842369928281e+00 0.000000000000000e+00 1.535345220149652e+00 9
4.399783006325443e+01 2.692718620974462e+00 1.912842384587056e+00 0.000000000000000e+00 1.536345217329625e+00 9
4.399766266360674e+01 2.692718684685134e+00 1.912842407516481e+00 0.000000000000000e+00 1.537345215675242e+00 9
4.399749717915655e+01 2.692718762352964e+00 1.912842438444783e+00 0.000000000000000e+00 1.538345215147588e+00 9
4.399733358298890e+01 2.692718259867900e+00 1.912842571953782e+00 0.000000000000000e+00 1.539345229261461e+00 10
4.399717184867773e+01 2.692718296508031e+00 1.912842628806757e+00 0.000000000000000e+00 1.540345232405479e+00 10
4.399701195027485e+01 2.692718341499781e+00 1.912842693963933e+00 0.000000000000000e+00 1.541345236719603e+00 10
4.399685386229998e+01 2.692718395055823e+00 1.912842767233202e+00 0.000000000000000e+00 1.542345242176293e+00 10
4.399669755973063e+01 2.692718457433388e+00 1.912842848419639e+00 0.000000000000000e+00 1.543345248747616e+00 10
4.399654301799185e+01 2.692718528940016e+00 1.912842937324740e+00 0.000000000000000e+00 1.544345256405115e+00 10
4.399639021294784e+01 2.692718609940070e+00 1.912843033745581e+00 0.000000000000000e+00 1.545345265119711e+00 10
4.399623912089147e+01 2.692718700862184e+00 1.912843137473874e+00 0.000000000000000e+00 1.546345274861552e+00 10
4.399608971853585e+01 2.692718802207564e+00 1.912843248294923e+00 0.000000000000000e+00 1.547345285599872e+00 10
4.399594198300492e+01 2.692718914559447e+00 1.912843365986485e+00 0.000000000000000e+00 1.548345297302826e+00 10
4.399579589182542e+01 2.692719038593530e+00 1.912843490317496e+00 0.000000000000000e+00 1.549345309937304e+00 10
4.399565142291809e+01 2.692719175089624e+00 1.912843621046719e+00 0.000000000000000e+00 1.550345323468748e+00 10
4.399550855458961e+01 2.692719324944213e+00 1.912843757921299e+00 0.000000000000000e+00 1.551345337860934e+00 10
4.399536726552400e+01 2.692719489184020e+00 1.912843900675244e+00 0.000000000000000e+00 1.552345353075765e+00 10
4.399522753477531e+01 2.692719072601384e+00 1.912844136349327e+00 0.000000000000000e+00 1.553345381550484e+00 11
4.399508934175989e+01 2.692719190601180e+00 1.912844300889381e+00 0.000000000000000e+00 1.554345399843141e+00 11
4.399495266624867e+01 2.692719316801385e+00 1.912844471741189e+00 0.000000000000000e+00 1.555345419019945e+00 11
4.399481748835996e+01 2.692719451625535e+00 1.912844648724703e+00 0.000000000000000e+00 1.556345439055075e+00 11
4.399468378855239e+01 2.692719595562329e+00 1.912844831654555e+00 0.000000000000000e+00 1.557345459921945e+00 11
4.399455154761760e+01 2.692719749169822e+00 1.912845020339707e+00 0.000000000000000e+00 1.558345481593162e+00 11
4.399442074667371e+01 2.692719913078773e+00 1.912845214583257e+00 0.000000000000000e+00 1.559345504040495e+00 11
4.399429136715862e+01 2.692720087995054e+00 1.912845414182376e+00 0.000000000000000e+00 1.560345527234861e+00 11
4.399416339082356e+01 2.692720274701388e+00 1.912845618928372e+00 0.000000000000000e+00 1.561345551146344e+00 11
4.399403679972603e+01 2.692720474058893e+00 1.912845828606788e+00 0.000000000000000e+00 1.562345575744197e+00 11
4.399391157622507e+01 2.692720687009484e+00 1.912846042997370e+00 0.000000000000000e+00 1.563345600996849e+00 11
4.399378770297356e+01 2.692720367295421e+00 1.912846336333681e+00 0.000000000000000e+00 1.564345637511491e+00 12
4.399366516291343e+01 2.692720535442407e+00 1.912846569103121e+00 0.000000000000000e+00 1.565345665352956e+00 12
4.399354393926917e+01 2.692720711272493e+00 1.912846806988521e+00 0.000000000000000e+00 1.566345693906612e+00 12
4.399342401554262e+01 2.692720895190342e+00 1.912847049838543e+00 0.000000000000000e+00 1.567345723150732e+00 12
4.399330537550725e+01 2.692721087652632e+00 1.912847297498294e+00 0.000000000000000e+00 1.568345753063078e+00 12
4.399318800320265e+01 2.692721289174675e+00 1.912847549808676e+00 0.000000000000000e+00 1.569345783620812e+00 12
4.399307188292945e+01 2.692721500337562e+00 1.912847806605665e+00 0.000000000000000e+00 1.570345814800389e+00 12
4.399295699924387e+01 2.692721721795936e+00 1.912848067719567e+00 0.000000000000000e+00 1.571345846577456e+00 12
4.399284333695299e+01 2.692721954286195e+00 1.912848332974257e+00 0.000000000000000e+00 1.572345878926739e+00 12
4.399273088110981e+01 2.692722198635280e+00 1.912848602186382e+00 0.000000000000000e+00 1.573345911821929e+00 12
4.399261961700779e+01 2.692721954302672e+00 1.912848938689574e+00 0.000000000000000e+00 1.574345954312689e+00 13
4.399250953017699e+01 2.692722158621349e+00 1.912849223146445e+00 0.000000000000000e+00 1.575345989346732e+00 13
4.399240060637887e+01 2.692722369982135e+00 1.912849511826803e+00 0.000000000000000e+00 1.576346024964366e+00 13
4.399229283160206e+01 2.692722588819355e+00 1.912849804594154e+00 0.000000000000000e+00 1.577346061145979e+00 13
4.399218619205772e+01 2.692722815627493e+00 1.912850101307645e+00 0.000000000000000e+00 1.578346097871328e+00 13
4.399208067417560e+01 2.692723050967541e+00 1.912850401821527e+00 0.000000000000000e+00 1.579346135119474e+00 13
4.399197626459910e+01 2.692723295474134e+00 1.912850705984547e+00 0.000000000000000e+00 1.580346172868690e+00 13
4.399187295018201e+01 2.692723549863513e+00 1.912851013639291e+00 0.000000000000000e+00 1.581346211096367e+00 13
4.399177071798391e+01 2.692723814942021e+00 1.912851324621486e+00 0.000000000000000e+00 1.582346249778917e+00 13
4.399166955526634e+01 2.692724091615606e+00 1.912851638759243e+00 0.000000000000000e+00 1.583346288891655e+00 13
4.399156944948876e+01 2.692723880967725e+00 1.912852014592373e+00 0.000000000000000e+00 1.584346336799233e+00 14
4.399147038830520e+01 2.692724118335697e+00 1.912852341688855e+00 0.000000000000000e+00 1.585346377721876e+00 14
4.399137235956012e+01 2.692724362781663e+00 1.912852672171398e+00 0.000000000000000e+00 1.586346419107290e+00 14
4.399127535128518e+01 2.692724614838132e+00 1.912853005909449e+00 0.000000000000000e+00 1.587346460936696e+00 14
4.399117935169532e+01 2.692724875109387e+00 1.912853342767335e+00 0.000000000000000e+00 1.588346503190587e+00 14
4.399108434918528e+01 2.692725144279304e+00 1.912853682603655e+00 0.000000000000000e+00 1.589346545848635e+00 14
4.399099033232657e+01 2.692725423119989e+00 1.912854025270617e+00 0.000000000000000e+00 1.590346588889597e+00 14
4.399089728986409e+01 2.692725712501318e+00 1.912854370613334e+00 0.000000000000000e+00 1.591346632291214e+00 14
4.399080521071225e+01 2.692726013401317e+00 1.912854718469061e+00 0.000000000000000e+00 1.592346676030106e+00 14
4.399071408395274e+01 2.692725839436666e+00 1.912855121977023e+00 0.000000000000000e+00 1.593346727699195e+00 15
4.399062389883061e+01 2.692726102121191e+00 1.912855480919261e+00 0.000000000000000e+00 1.594346772978234e+00 15
4.399053464475170e+01 2.692726372054434e+00 1.912855842575805e+00 0.000000000000000e+00 1.595346818622924e+00 15
4.399044631127941e+01 2.692726649865988e+00 1.912856206819980e+00 0.000000000000000e+00 1.596346864615034e+00 15
4.399035888813182e+01 2.692726936268711e+00 1.912856573519400e+00 0.000000000000000e+00 1.597346910935515e+00 15
4.399027236517881e+01 2.692727232067835e+00 1.912856942535327e+00 0.000000000000000e+00 1.598346957564410e+00 15
4.399018673243938e+01 2.692727538170860e+00 1.912857313721998e+00 0.000000000000000e+00 1.599347004480757e+00 15
4.399010198007890e+01 2.692727855598514e+00 1.912857686925879e+00 0.000000000000000e+00 1.600347051662483e+00 15
4.399001809840608e+01 2.692727722479099e+00 1.912858109383316e+00 0.000000000000000e+00 1.601347105859022e+00 16
4.398993507787082e+01 2.692728003726358e+00 1.912858492063214e+00 0.000000000000000e+00 1.602347154348635e+00 16
4.398985290906113e+01 2.692728292346035e+00 1.912858876926909e+00 0.000000000000000e+00 1.603347203127018e+00 16
4.398977158270120e+01 2.692728589044016e+00 1.912859263851759e+00 0.000000000000000e+00 1.604347252176504e+00 16
4.398969108964819e+01 2.692728894618271e+00 1.912859652709133e+00 0.000000000000000e+00 1.605347301478572e+00 16
4.398961142089056e+01 2.692729209968932e+00 1.912860043363759e+00 0.000000000000000e+00 1.606347351013751e+00 16
4.398953256754506e+01 2.692729536109295e+00 1.912860435673046e+00 0.000000000000000e+00 1.607347400761522e+00 16
4.398945452085469e+01 2.692729874177695e+00 1.912860829486345e+00 0.000000000000000e+00 1.608347450700213e+00 16
4.398937727218672e+01 2.692729745475068e+00 1.912861270531007e+00 0.000000000000000e+00 1.609347507363615e+00 17
4.398930081302949e+01 2.692730046160800e+00 1.912861672647605e+00 0.000000000000000e+00 1.610347558440343e+00 17
4.398922513499155e+01 2.692730354866077e+00 1.912862076425481e+00 0.000000000000000e+00 1.611347609730020e+00 17
4.398915022979826e+01 2.692730672431171e+00 1.912862481741578e+00 0.000000000000000e+00 1.612347661214914e+00 17
4.398907608929060e+01 2.692730999804047e+00 1.912862888466231e+00 0.000000000000000e+00 1.613347712876342e+00 17
4.398900270542267e+01 2.692731338051805e+00 1.912863296462487e+00 0.000000000000000e+00 1.614347764694587e+00 17
4.398893007025937e+01 2.692731688373832e+00 1.912863705585362e+00 0.000000000000000e+00 1.615347816648775e+00 17
4.398885817597542e+01 2.692731580269478e+00 1.912864158092862e+00 0.000000000000000e+00 1.616347874776940e+00 18
4.398878701485231e+01 2.692731894228440e+00 1.912864574384752e+00 0.000000000000000e+00 1.617347927704954e+00 18
4.398871657927699e+01 2.692732216596174e+00 1.912864991935090e+00 0.000000000000000e+00 1.618347980787277e+00 18
4.398864686174006e+01 2.692732548308451e+00 1.912865410622401e+00 0.000000000000000e+00 1.619348034006392e+00 18
4.398857785483339e+01 2.692732890420491e+00 1.912865830318274e+00 0.000000000000000e+00 1.620348087343788e+00 18
4.398850955124915e+01 2.692733244120022e+00 1.912866250886652e+00 0.000000000000000e+00 1.621348140779863e+00 18
4.398844194377715e+01 2.692733610741855e+00 1.912866672183055e+00 0.000000000000000e+00 1.622348194293807e+00 18
4.398837502530395e+01 2.692733497014003e+00 1.912867135796759e+00 0.000000000000000e+00 1.623348253828080e+00 19
4.398830878881044e+01 2.692733826079203e+00 1.912867563387219e+00 0.000000000000000e+00 1.624348308188557e+00 19
4.398824322737082e+01 2.692734164471721e+00 1.912867991827144e+00 0.000000000000000e+00 1.625348362643754e+00 19
4.398817833415053e+01 2.692734513288235e+00 1.912868420992637e+00 0.000000000000000e+00 1.626348417175798e+00 19
4.398811410240459e+01 2.692734873764400e+00 1.912868850752195e+00 0.000000000000000e+00 1.627348471765726e+00 19
4.398805052547674e+01 2.692735247290092e+00 1.912869280965936e+00 0.000000000000000e+00 1.628348526393375e+00 19
4.398798759679676e+01 2.692734831561364e+00 1.912869775638888e+00 0.000000000000000e+00 1.629348590204129e+00 22
4.398792530988021e+01 2.692735067080129e+00 1.912870219064551e+00 0.000000000000000e+00 1.630348646664725e+00 23
4.398786365832597e+01 2.692735838029917e+00 1.912870621718312e+00 0.000000000000000e+00 1.631348697271800e+00 20
4.398780263581522e+01 2.692736196319126e+00 1.912871058290229e+00 0.000000000000000e+00 1.632348752697488e+00 20
4.398774223611012e+01 2.692736566897837e+00 1.912871495158444e+00 0.000000000000000e+00 1.633348808137447e+00 20
4.398768245305205e+01 2.692736951278496e+00 1.912871932183635e+00 0.000000000000000e+00 1.634348863571583e+00 20
4.398762328056057e+01 2.692736856524366e+00 1.912872406514135e+00 0.000000000000000e+00 1.635348924307761e+00 21
4.398756471263206e+01 2.692736739329788e+00 1.912872882958838e+00 0.000000000000000e+00 1.636348985317407e+00 24
4.398750674333805e+01 2.692737563919497e+00 1.912873290101804e+00 0.000000000000000e+00 1.637349036395864e+00 21
4.398744936682434e+01 2.692737319061698e+00 1.912873777250614e+00 0.000000000000000e+00 1.638349098877179e+00 24
4.398739257730958e+01 2.692738319589601e+00 1.912874174133051e+00 0.000000000000000e+00 1.639349148431337e+00 21
4.398733636908368e+01 2.692738719457684e+00 1.912874615975549e+00 0.000000000000000e+00 1.640349204380346e+00 21
4.398728073650757e+01 2.692738605330277e+00 1.912875095300637e+00 0.000000000000000e+00 1.641349265655571e+00 22
4.398722567401082e+01 2.692738433189580e+00 1.912875578862315e+00 0.000000000000000e+00 1.642349327506367e+00 25
4.398717117609088e+01 2.692739342079582e+00 1.912875987017854e+00 0.000000000000000e+00 1.643349378552570e+00 22
4.398711723731260e+01 2.692738970729041e+00 1.912876485101102e+00 0.000000000000000e+00 1.644349442418143e+00 26
4.398706385230612e+01 2.692739261246615e+00 1.912876937576130e+00 0.000000000000000e+00 1.645349499736475e+00 26
4.398701101576624e+01 2.692740555663036e+00 1.912877322574528e+00 0.000000000000000e+00 1.646349547382639e+00 22
4.398695872245118e+01 2.692739848145398e+00 1.912877843688672e+00 0.000000000000000e+00 1.647349614447244e+00 26
4.398690696718179e+01 2.692740145071156e+00 1.912878297210980e+00 0.000000000000000e+00 1.648349671822800e+00 26
4.398685574484003e+01 2.692741178406607e+00 1.912878702725546e+00 0.000000000000000e+00 1.649349722307424e+00 23
4.398680505036836e+01 2.692741590253734e+00 1.912879150031680e+00 0.000000000000000e+00 1.650349778732097e+00 23
4.398675487876845e+01 2.692740973112842e+00 1.912879664123720e+00 0.000000000000000e+00 1.651349844667981e+00 27
4.398670522510032e+01 2.692741270474242e+00 1.912880118973058e+00 0.000000000000000e+00 1.652349902106946e+00 27
4.398665608448145e+01 2.692742256255217e+00 1.912880530591716e+00 0.000000000000000e+00 1.653349953336694e+00 24
4.398660745208549e+01 2.692741804708329e+00 1.912881033150199e+00 0.000000000000000e+00 1.654350017528274e+00 28
4.398655932314163e+01 2.692743086919611e+00 1.912881427632392e+00 0.000000000000000e+00 1.655350066244569e+00 24
4.398651169293343e+01 2.692742397934990e+00 1.912881944221216e+00 0.000000000000000e+00 1.656350132375585e+00 28
4.398646455679832e+01 2.692742638010071e+00 1.912882403331721e+00 0.000000000000000e+00 1.657350190260668e+00 29
4.398641791012617e+01 2.692742931679221e+00 1.912882859201948e+00 0.000000000000000e+00 1.658350247649520e+00 29
4.398637174835867e+01 2.692743227515392e+00 1.912883314947410e+00 0.000000000000000e+00 1.659350304987071e+00 29
4.398632606698862e+01 2.692743525885970e+00 1.912883770512295e+00 0.000000000000000e+00 1.660350362265111e+00 29
4.398628086155890e+01 2.692743763596984e+00 1.912884229539576e+00 0.000000000000000e+00 1.661350420003932e+00 30
4.398623612766144e+01 2.692744888121958e+00 1.912884637335852e+00 0.000000000000000e+00 1.662350470388300e+00 26
4.398619186093705e+01 2.692744354001703e+00 1.912885140476191e+00 0.000000000000000e+00 1.663350534361689e+00 30
4.398614805707385e+01 2.692744594583548e+00 1.912885598770546e+00 0.000000000000000e+00 1.664350591892471e+00 31
4.398610471180677e+01 2.692744886930159e+00 1.912886053895241e+00 0.000000000000000e+00 1.665350648935416e+00 31
4.398606182091722e+01 2.692745181471773e+00 1.912886508642363e+00 0.000000000000000e+00 1.666350705889221e+00 31
4.398601938023167e+01 2.692745423562170e+00 1.912886965965093e+00 0.000000000000000e+00 1.667350763175605e+00 32
4.398597738562115e+01 2.692745714292295e+00 1.912887420274105e+00 0.000000000000000e+00 1.668350819995668e+00 32
4.398593583300050e+01 2.692746007130697e+00 1.912887874106959e+00 0.000000000000000e+00 1.669350876711731e+00 32
4.398589471832803e+01 2.692746302491580e+00 1.912888327410969e+00 0.000000000000000e+00 1.670350933316005e+00 32
4.398585403760413e+01 2.692746538778114e+00 1.912888783380322e+00 0.000000000000000e+00 1.671350990264630e+00 33
4.398581378687087e+01 2.692746830016027e+00 1.912889235977871e+00 0.000000000000000e+00 1.672351046694706e+00 33
4.398577396221184e+01 2.692747123751376e+00 1.912889687949522e+00 0.000000000000000e+00 1.673351102998315e+00 33
4.398573455975034e+01 2.692747359591296e+00 1.912890142326769e+00 0.000000000000000e+00 1.674351159608345e+00 34
4.398569557564986e+01 2.692747649329839e+00 1.912890593378172e+00 0.000000000000000e+00 1.675351215705566e+00 34
4.398565700611296e+01 2.692747889857677e+00 1.912891046272480e+00 0.000000000000000e+00 1.676351272028248e+00 35
4.398561884738020e+01 2.692748176061179e+00 1.912891496244641e+00 0.000000000000000e+00 1.677351327895239e+00 35
4.398558109573022e+01 2.692748464418356e+00 1.912891945448260e+00 0.000000000000000e+00 1.678351383613972e+00 35
4.398554374747906e+01 2.692748702787645e+00 1.912892396357384e+00 0.000000000000000e+00 1.679351439537671e+00 36
4.398550679897882e+01 2.692748987636783e+00 1.912892844284561e+00 0.000000000000000e+00 1.680351494996260e+00 36
4.398547024661800e+01 2.692749228614540e+00 1.912893293513076e+00 0.000000000000000e+00 1.681351550601472e+00 37
4.398543408682047e+01 2.692749510254610e+00 1.912893740021182e+00 0.000000000000000e+00 1.682351605778345e+00 37
4.398539831604465e+01 2.692749793890175e+00 1.912894185617172e+00 0.000000000000000e+00 1.683351660784963e+00 37
4.398536293078360e+01 2.692750736671090e+00 1.912894600446924e+00 0.000000000000000e+00 1.684351711355219e+00 33
4.398532792756377e+01 2.692750311902023e+00 1.912895076447582e+00 0.000000000000000e+00 1.685351770625515e+00 38
4.398529330294495e+01 2.692750550706297e+00 1.912895521378332e+00 0.000000000000000e+00 1.686351825415434e+00 39
4.398525905351940e+01 2.692750828106372e+00 1.912895963637002e+00 0.000000000000000e+00 1.687351879782365e+00 39
4.398522517591193e+01 2.692751067398313e+00 1.912896406581526e+00 0.000000000000000e+00 1.688351934205795e+00 40
4.398519166677841e+01 2.692752367731632e+00 1.912896802973847e+00 0.000000000000000e+00 1.689351981935634e+00 34
4.398515852280618e+01 2.692752370951607e+00 1.912897254354794e+00 0.000000000000000e+00 1.690352037480544e+00 35
