0.95387536e-3 1 0.0
-1.719400000000000e+00 -4.470843776035962e-01 2.821703012713516e-01 9.924557630323373e-01 1.226032561716904e-01 8.920786083861362e-01 66 -1.073319664201721e-04 -1.074541658608003e-04
-1.717400000000000e+00 -4.423095655626668e-01 3.025494611174133e-01 9.980714073155977e-01 6.207629095767700e-02 8.836153823580365e-01 61 -1.122400995287912e-04 -1.123731440890249e-04
-1.715400000000000e+00 -4.376243406375962e-01 3.216591127041672e-01 9.999657472819907e-01 8.276730197959147e-03 8.755417651257013e-01 58 -1.005743433083586e-04 -1.007179291340230e-04
-1.713400000000000e+00 -4.330249069978471e-01 3.397202039070799e-01 9.991994864744337e-01 -4.000482757403139e-02 8.677828954513799e-01 54 -1.109269689918047e-04 -1.110808699641490e-04
-1.711400000000000e+00 -4.285077271244486e-01 3.568979760272309e-01 9.964932751355904e-01 -8.367289052939808e-02 8.602836464619497e-01 51 -1.141081098265487e-04 -1.142721576145867e-04
-1.709400000000000e+00 -4.240694981627159e-01 3.733198680876313e-01 9.923542499485845e-01 -1.234222127859581e-01 8.530021947153555e-01 49 -1.059184015067361e-04 -1.060924721393247e-04
-1.707400000000000e+00 -4.197071309715083e-01 3.890866333448280e-01 9.871496336353835e-01 -1.597986258186471e-01 8.459060490402528e-01 47 -1.023920575150871e-04 -1.025760619392303e-04
-1.705400000000000e+00 -4.154177315037704e-01 4.042795724309182e-01 9.811516486599705e-01 -1.932393395036882e-01 8.389694805949638e-01 45 -1.025204041658636e-04 -1.027142814094766e-04
-1.703400000000000e+00 -4.111985842102950e-01 4.189654236120801e-01 9.745660476798388e-01 -2.241004656614935e-01 8.321717946826708e-01 43 -1.065187862717929e-04 -1.067224983428380e-04
-1.701400000000000e+00 -4.070471372049808e-01 4.331997764509136e-01 9.675508662505741e-01 -2.526763170892034e-01 8.254961307671831e-01 41 -1.145199037337117e-04 -1.147334317297644e-04
-1.699400000000000e+00 -4.029609889696810e-01 4.470295201489741e-01 9.602291172398358e-01 -2.792132561409030e-01 8.189286063056641e-01 40 -1.042434804803812e-04 -1.044668215583508e-04
-1.697400000000000e+00 -3.989378764079122e-01 4.604946408534322e-01 9.526976079892021e-01 -3.039198376737730e-01 8.124576914420892e-01 38 -1.188863627753520e-04 -1.191195277478720e-04
-1.695400000000000e+00 -3.949756640850738e-01 4.736295679415015e-01 9.450332047704322e-01 -3.269743749612903e-01 8.060737429174540e-01 37 -1.128796041601728e-04 -1.131226155594602e-04
-1.693400000000000e+00 -3.910723345143664e-01 4.864642004601045e-01 9.372973739406198e-01 -3.485306769913056e-01 7.997686504010604e-01 36 -1.088511672636638e-04 -1.091040577569618e-04
-1.691400000000000e+00 -3.872259793675298e-01 4.990247020344504e-01 9.295395334790343e-01 -3.687224643272760e-01 7.935355638062369e-01 35 -1.065702769057174e-04 -1.068330879818858e-04
-1.689400000000000e+00 -3.834347915053900e-01 5.113341250952638e-01 9.217995666108951e-01 -3.876668144115072e-01 7.873686800614828e-01 34 -1.060011790699646e-04 -1.062739599369310e-04
-1.687400000000000e+00 -3.796970577369863e-01 5.234129072203560e-01 9.141097344937443e-01 -4.054668831159658e-01 7.812630741976625e-01 33 -1.073529727971722e-04 -1.076357794432008e-04
-1.685400000000000e+00 -3.760111522278522e-01 5.352792702470491e-01 9.064961507170336e-01 -4.222140792716428e-01 7.752145639847067e-01 32 -1.102513036112552e-04 -1.105441980001007e-04
-1.683400000000000e+00 -3.723755304879965e-01 5.469495444823262e-01 8.989799314841291e-01 -4.379898204168567e-01 7.692196002672433e-01 31 -1.148494191063250e-04 -1.151524684759054e-04
-1.681400000000000e+00 -3.687887238786534e-01 5.584384345165749e-01 8.915781023844648e-01 -4.528669642936177e-01 7.632751772628539e-01 30 -1.216160610069377e-04 -1.219293372535260e-04
-1.679400000000000e+00 -3.652493345844141e-01 5.697592390098166e-01 8.843043201910911e-01 -4.669109864753370e-01 7.573787584994058e-01 29 -1.307400175199964e-04 -1.310635966519913e-04
-1.677400000000000e+00 -3.617560310035504e-01 5.809240338359823e-01 8.771694524607376e-01 -4.801809572127259e-01 7.515282151226770e-01 29 -1.070131945980837e-04 -1.073471562455424e-04
-1.675400000000000e+00 -3.583075435150209e-01 5.919438257878514e-01 8.701820465811890e-01 -4.927303581146318e-01 7.457217741279333e-01 28 -1.175657755845620e-04 -1.179102025567546e-04
-1.673400000000000e+00 -3.549026605852851e-01 6.028286824288634e-01 8.633487120810803e-01 -5.046077698053607e-01 7.399579745601020e-01 27 -1.312380533765761e-04 -1.315930312559572e-04
-1.671400000000000e+00 -3.515402251823801e-01 6.135878424658952e-01 8.566744342712787e-01 -5.158574547934581e-01 7.342356301746001e-01 27 -1.091404192121613e-04 -1.095060359806031e-04
-1.669400000000000e+00 -3.482191314681221e-01 6.242298100998397e-01 8.501628329739530e-01 -5.265198547345603e-01 7.285537974286477e-01 26 -1.244624700113546e-04 -1.248388157039639e-04
-1.667400000000000e+00 -3.449383217426906e-01 6.347624361073759e-01 8.438163771416737e-01 -5.366320169981481e-01 7.229117478021698e-01 26 -1.042588301645660e-04 -1.046459965430800e-04
-1.665400000000000e+00 -3.416967836185221e-01 6.451929878652617e-01 8.376365636498753e-01 -5.462279627013145e-01 7.173089437558207e-01 25 -1.214963333344340e-04 -1.218944135813951e-04
-1.663400000000000e+00 -3.384935474028586e-01 6.555282101054993e-01 8.316240669043210e-01 -5.553390057843205e-01 7.117450176891855e-01 25 -1.024545305544002e-04 -1.028636189800974e-04
-1.661400000000000e+00 -3.353276836704618e-01 6.657743778578764e-01 8.257788644811870e-01 -5.639940309756492e-01 7.062197534235727e-01 24 -1.218499717170624e-04 -1.222701634808869e-04
-1.659400000000000e+00 -3.321983010099929e-01 6.759373427726919e-01 8.201003429657437e-01 -5.722197370481635e-01 7.007330698243570e-01 24 -1.034511267297844e-04 -1.038825175709791e-04
-1.657400000000000e+00 -3.291045439290924e-01 6.860225738078867e-01 8.145873874234041e-01 -5.800408505016805e-01 6.952850061917741e-01 23 -1.261184727090406e-04 -1.265611586872047e-04
-1.655400000000000e+00 -3.260455909047139e-01 6.960351930960736e-01 8.092384571297118e-01 -5.874803141402473e-01 6.898757092382513e-01 23 -1.077193131136252e-04 -1.081733903555243e-04
-1.653400000000000e+00 -3.230206525666782e-01 7.059800076710334e-01 8.040516499350184e-01 -5.945594539125373e-01 6.845054213142679e-01 22 -1.344517695828234e-04 -1.349173340366605e-04
-1.651400000000000e+00 -3.200289700034705e-01 7.158615376230655e-01 7.990247569534924e-01 -6.012981272009854e-01 6.791744698113403e-01 22 -1.157458573826207e-04 -1.162230045760513e-04
-1.649400000000000e+00 -3.170698131803310e-01 7.256840411626969e-01 7.941553091821852e-01 -6.077148549260153e-01 6.738832575121669e-01 21 -1.474160059484158e-04 -1.479048307520293e-04
-1.647400000000000e+00 -3.141424794607812e-01 7.354515369973238e-01 7.894406172460923e-01 -6.138269396516488e-01 6.686322538059847e-01 21 -1.280333980621186e-04 -1.285339944562014e-04
-1.645400000000000e+00 -3.112462922233554e-01 7.451678243650033e-01 7.848778053739585e-01 -6.196505713959751e-01 6.634219866089726e-01 21 -1.107616777277750e-04 -1.112741385718674e-04
-1.643400000000000e+00 -3.083805995661349e-01 7.548365010188417e-01 7.804638404062024e-01 -6.252009227587574e-01 6.582530349635596e-01 20 -1.456242621811415e-04 -1.461486789878307e-04
-1.641400000000000e+00 -3.055447730924749e-01 7.644609794120394e-01 7.761955566113495e-01 -6.304922346046756e-01 6.531260221903721e-01 20 -1.268231354638721e-04 -1.273595981731078e-04
-1.639400000000000e+00 -3.027382067716138e-01 7.740445013001079e-01 7.720696769185867e-01 -6.355378934279443e-01 6.480416095565770e-01 20 -1.109719351491023e-04 -1.115205319064996e-04
-1.637400000000000e+00 -2.999603158686961e-01 7.835901509453174e-01 7.680828310923420e-01 -6.403505013515434e-01 6.430004903851131e-01 19 -1.504735242965070e-04 -1.510343412331496e-04
-1.635400000000000e+00 -2.972105359390744e-01 7.931008670841677e-01 7.642315712908547e-01 -6.449419395901551e-01 6.380033845749929e-01 19 -1.320947768008406e-04 -1.326678978151099e-04
-1.633400000000000e+00 -2.944883218821746e-01 8.025794537973582e-01 7.605123853959187e-01 -6.493234260824182e-01 6.330510334838495e-01 19 -1.158086766430289e-04 -1.163941831852528e-04
-1.631400000000000e+00 -2.917931470506829e-01 8.120285904034181e-01 7.569217084208651e-01 -6.535055679343817e-01 6.281441951382950e-01 19 -1.017939125777541e-04 -1.023918834369922e-04
-1.629400000000000e+00 -2.891245024111395e-01 8.214508404818575e-01 7.534559322835563e-01 -6.574984092047044e-01 6.232836397637973e-01 18 -1.433462875841916e-04 -1.439567986769533e-04
-1.627400000000000e+00 -2.864818957522771e-01 8.308486601186955e-01 7.501114141887336e-01 -6.613114744988008e-01 6.184701455707970e-01 18 -1.267943389772402e-04 -1.274174631395513e-04
-1.625400000000000e+00 -2.838648509378806e-01 8.402244054553363e-01 7.468844838090152e-01 -6.649538088058004e-01 6.137044948279187e-01 18 -1.127161356405054e-04 -1.133519424225831e-04
-1.623400000000000e+00 -2.812729072010794e-01 8.495803396126219e-01 7.437714494765091e-01 -6.684340139038503e-01 6.089874701359528e-01 17 -1.635584354903082e-04 -1.642069909544218e-04
-1.621400000000000e+00 -2.787056184772589e-01 8.589186390531709e-01 7.407686034664558e-01 -6.717602817362431e-01 6.043198509821542e-01 17 -1.456342900384848e-04 -1.462956565608941e-04
-1.619400000000000e+00 -2.761625527730959e-01 8.682413994375054e-01 7.378722266046976e-01 -6.749404249305458e-01 5.997024104523309e-01 17 -1.303406233863333e-04 -1.310148594615555e-04
-1.617400000000000e+00 -2.736432915692006e-01 8.775506410240350e-01 7.350785922468216e-01 -6.779819047883439e-01 5.951359121733811e-01 17 -1.158046811848296e-04 -1.164918412362851e-04
-1.615400000000000e+00 -2.711474292543573e-01 8.868483136559983e-01 7.323839696674214e-01 -6.808918570332513e-01 5.906211074802481e-01 17 -1.035006709683150e-04 -1.042008051619425e-04
-1.613400000000000e+00 -2.686745725891371e-01 8.961363013754330e-01 7.297846271831039e-01 -6.836771152577933e-01 5.861587326789732e-01 16 -1.577654791540690e-04 -1.584786332176240e-04
-1.611400000000000e+00 -2.662243401971752e-01 9.054164266982306e-01 7.272768347513462e-01 -6.863442326078534e-01 5.817495065890012e-01 16 -1.421204727857538e-04 -1.428466878338736e-04
-1.609400000000000e+00 -2.637963620823068e-01 9.146904545818240e-01 7.248568663936262e-01 -6.888995015544812e-01 5.773941281789290e-01 16 -1.273545574767017e-04 -1.280938698410688e-04
-1.607400000000000e+00 -2.613902791699354e-01 9.239600961134448e-01 7.225210023417885e-01 -6.913489720647722e-01 5.730932744224171e-01 16 -1.150488213339856e-04 -1.158012624007313e-04
-1.605400000000000e+00 -2.590057428711946e-01 9.332270119440990e-01 7.202655310065703e-01 -6.936984682438209e-01 5.688475982725325e-01 16 -1.030623842155022e-04 -1.038279802693406e-04
-1.603400000000000e+00 -2.566424146685497e-01 9.424928154900034e-01 7.180867508349008e-01 -6.959536035364534e-01 5.646577268196076e-01 15 -1.654168543445530e-04 -1.661956264200450e-04
-1.601400000000000e+00 -2.542999657214297e-01 9.517590759230633e-01 7.159809720245591e-01 -6.981197946618958e-01 5.605242595934236e-01 15 -1.498937156550253e-04 -1.506856793955103e-04
-1.599400000000000e+00 -2.519780764908907e-01 9.610273209671937e-01 7.139445181747262e-01 -7.002022743238258e-01 5.564477670201594e-01 15 -1.362324486328453e-04 -1.370376141581597e-04
-1.597400000000000e+00 -2.496764363820317e-01 9.702990395182458e-01 7.119737279388630e-01 -7.022061027396713e-01 5.524287889990074e-01 15 -1.229144098880523e-04 -1.237327816697128e-04
-1.595400000000000e+00 -2.473947434032849e-01 9.795756841012520e-01 7.100649566212663e-01 -7.041361781491128e-01 5.484678336413635e-01 15 -1.116420744681126e-04 -1.124736512158359e-04
-1.593400000000000e+00 -2.451327038414945e-01 9.888586731795507e-01 7.082145777342177e-01 -7.059972463719272e-01 5.445653761556166e-01 15 -1.008447745555429e-04 -1.016895491109351e-04
-1.591400000000000e+00 -2.428900319520018e-01 9.981493933273292e-01 7.064189846461553e-01 -7.077939093630963e-01 5.407218578461284e-01 14 -1.694946986044802e-04 -1.703526578464635e-04
-1.589400000000000e+00 -2.406664496628532e-01 1.007449201276828e+00 7.046745922078625e-01 -7.095306329515891e-01 5.369376852520202e-01 14 -1.574942341190405e-04 -1.583653588783671e-04
-1.587400000000000e+00 -2.384616862923667e-01 1.016759425850514e+00 7.029778384475834e-01 -7.112117537355266e-01 5.332132293890960e-01 14 -1.442132492694307e-04 -1.450975142548161e-04
-1.585400000000000e+00 -2.362754782793522e-01 1.026081369787119e+00 7.013251862751774e-01 -7.128414852518671e-01 5.295488251703221e-01 14 -1.323054544456382e-04 -1.332028281803816e-04
-1.583400000000000e+00 -2.341075689252953e-01 1.035416311470153e+00 6.997131252843316e-01 -7.144239233850119e-01 5.259447708858551e-01 14 -1.218506744711680e-04 -1.227611192408405e-04
-1.581400000000000e+00 -2.319577081479020e-01 1.044765506566208e+00 6.981381735742728e-01 -7.159630511404751e-01 5.224013278281989e-01 14 -1.120051335656967e-04 -1.129286053781737e-04
-1.579400000000000e+00 -2.298256522453914e-01 1.054130189580341e+00 6.965968796791735e-01 -7.174627427408612e-01 5.189187200250559e-01 14 -1.028093456725822e-04 -1.037457942301092e-04
-1.577400000000000e+00 -2.277111636709983e-01 1.063511575334736e+00 6.950858245133171e-01 -7.189267671749620e-01 5.154971340773177e-01 13 -1.835444439325140e-04 -1.844938126137078e-04
-1.575400000000000e+00 -2.256140108171711e-01 1.072910860376334e+00 6.936016234188699e-01 -7.203587911525119e-01 5.121367190895162e-01 13 -1.702424874772953e-04 -1.712047133329914e-04
-1.573400000000000e+00 -2.235339678089938e-01 1.082329224319080e+00 6.921409282674453e-01 -7.217623815474723e-01 5.088375867310826e-01 13 -1.575258119674871e-04 -1.585008257296255e-04
-1.571400000000000e+00 -2.214708143063505e-01 1.091767831125283e+00 6.907004296038243e-01 -7.231410073734531e-01 5.055998113443830e-01 13 -1.464231267124461e-04 -1.474108528127328e-04
-1.569400000000000e+00 -2.194243353144438e-01 1.101227830330991e+00 6.892768588929047e-01 -7.244980412635570e-01 5.024234301850342e-01 13 -1.360128376998557e-04 -1.370131943027191e-04
-1.567400000000000e+00 -2.173943210022515e-01 1.110710358218852e+00 6.878669907246904e-01 -7.258367606227717e-01 4.993084437617108e-01 13 -1.263353752146868e-04 -1.273482742614556e-04
-1.565400000000000e+00 -2.153805665285431e-01 1.120216538942937e+00 6.864676453359173e-01 -7.271603481399143e-01 4.962548161077219e-01 13 -1.174309035270926e-04 -1.184562507933948e-04
-1.563400000000000e+00 -2.133828718751086e-01 1.129747485608544e+00 6.850756907358461e-01 -7.284718923629129e-01 4.932624754200288e-01 13 -1.093392564781551e-04 -1.103769516422100e-04
-1.561400000000000e+00 -2.114010416868579e-01 1.139304301310426e+00 6.836880453462596e-01 -7.297743874997333e-01 4.903313144539400e-01 13 -1.020998734483859e-04 -1.031498101727055e-04
-1.559400000000000e+00 -2.094348851184952e-01 1.148888080132061e+00 6.823016803593916e-01 -7.310707332254182e-01 4.874611912113979e-01 12 -1.945238760024526e-04 -1.955859420248993e-04
-1.557400000000000e+00 -2.074842156874714e-01 1.158499908108880e+00 6.809136223316212e-01 -7.323637340305911e-01 4.846519295325222e-01 12 -1.827039474322888e-04 -1.837780246716140e-04
-1.555400000000000e+00 -2.055488511328931e-01 1.168140864158253e+00 6.795209555947390e-01 -7.336560985281951e-01 4.819033199002154e-01 12 -1.716736682378439e-04 -1.727596329081828e-04
-1.553400000000000e+00 -2.036286132801715e-01 1.177812020977976e+00 6.781208249680196e-01 -7.349504382913806e-01 4.792151201558310e-01 12 -1.614724732562587e-04 -1.625701959929748e-04
-1.551400000000000e+00 -2.017233279111628e-01 1.187514445915592e+00 6.767104381909418e-01 -7.362492667863403e-01 4.765870563516897e-01 12 -1.521392618485018e-04 -1.532486078453944e-04
-1.549400000000000e+00 -1.998328246394915e-01 1.197249201811049e+00 6.752870686494905e-01 -7.375549978915323e-01 4.740188235935535e-01 12 -1.425915078964427e-04 -1.437123370514376e-04
-1.547400000000000e+00 -1.979569367909349e-01 1.207017347813649e+00 6.738480578676098e-01 -7.388699445153053e-01 4.715100869822498e-01 12 -1.350971792561865e-04 -1.362293463290873e-04
-1.545400000000000e+00 -1.960955012885431e-01 1.216819940175840e+00 6.723908181545383e-01 -7.401963169737273e-01 4.690604825213736e-01 12 -1.274405146232379e-04 -1.285838693990360e-04
-1.543400000000000e+00 -1.942483585423810e-01 1.226658033025011e+00 6.709128352422016e-01 -7.415362213049814e-01 4.666696180945971e-01 12 -1.196245869069045e-04 -1.207789743720004e-04
-1.541400000000000e+00 -1.924153523436572e-01 1.236532679114663e+00 6.694116707535228e-01 -7.428916576856798e-01 4.643370745023521e-01 12 -1.128178657490512e-04 -1.139831262718006e-04
-1.539400000000000e+00 -1.905963297630211e-01 1.246444930557066e+00 6.678849648814712e-01 -7.442645186257880e-01 4.620624064125245e-01 12 -1.070558171250516e-04 -1.082317866457353e-04
-1.537400000000000e+00 -1.887911410529371e-01 1.256395839537670e+00 6.663304388657875e-01 -7.456565873382512e-01 4.598451434391863e-01 12 -1.011865102285500e-04 -1.023730204568888e-04
-1.535400000000000e+00 -1.869996395538581e-01 1.266386459013741e+00 6.647458974773567e-01 -7.470695361122843e-01 4.576847912576033e-01 11 -2.101128327966198e-04 -2.113097114136982e-04
-1.533400000000000e+00 -1.852216816041114e-01 1.276417843397291e+00 6.631292316291478e-01 -7.485049246056675e-01 4.555808324895405e-01 11 -2.001868820628366e-04 -2.013939529312526e-04
-1.531400000000000e+00 -1.834571264533499e-01 1.286491049223951e+00 6.614784206420722e-01 -7.499641984954147e-01 4.535327279536607e-01 11 -1.912812531697818e-04 -1.924983365452625e-04
-1.529400000000000e+00 -1.817058361793316e-01 1.296607135808954e+00 6.597915347057574e-01 -7.514486880224235e-01 4.515399177051699e-01 11 -1.822031543925715e-04 -1.834300671446579e-04
-1.527400000000000e+00 -1.799676756079766e-01 1.306767165891058e+00 6.580667372685796e-01 -7.529596066859671e-01 4.496018219852749e-01 11 -1.741933499890009e-04 -1.754299058222177e-04
-1.525400000000000e+00 -1.782425122365253e-01 1.316972206265212e+00 6.563022870709818e-01 -7.544980503522846e-01 4.477178425034331e-01 11 -1.660385129786012e-04 -1.672845226572197e-04
-1.523400000000000e+00 -1.765302161596707e-01 1.327223328405023e+00 6.544965405597070e-01 -7.560649961447599e-01 4.458873633501061e-01 11 -1.589977641437353e-04 -1.602530357212338e-04
-1.521400000000000e+00 -1.748306599984961e-01 1.337521609076505e+00 6.526479539964278e-01 -7.576613017333514e-01 4.441097520927459e-01 11 -1.518379009446652e-04 -1.531022399920671e-04
-1.519400000000000e+00 -1.731437188322161e-01 1.347868130942588e+00 6.507550853604008e-01 -7.592877049429797e-01 4.423843608589642e-01 11 -1.458355541616247e-04 -1.471087639995762e-04
-1.517400000000000e+00 -1.714692701324476e-01 1.358263983160720e+00 6.488165963411064e-01 -7.609448234348807e-01 4.407105273783195e-01 11 -1.397383398178869e-04 -1.410202217474122e-04
-1.515400000000000e+00 -1.698071937000015e-01 1.368710261973504e+00 6.468312541826226e-01 -7.626331546769622e-01 4.390875760089100e-01 11 -1.348395454556183e-04 -1.361298989909076e-04
-1.513400000000000e+00 -1.681573716040962e-01 1.379208071293146e+00 6.447979333682583e-01 -7.643530762180677e-01 4.375148187402588e-01 11 -1.285697081773734e-04 -1.298683312762857e-04
-1.511400000000000e+00 -1.665196881237966e-01 1.389758523281066e+00 6.427156173018166e-01 -7.661048461381411e-01 4.359915561951380e-01 11 -1.248270965875232e-04 -1.261337858815339e-04
-1.509400000000000e+00 -1.648940296916716e-01 1.400362738922793e+00 6.405833997526019e-01 -7.678886038751964e-01 4.345170786346672e-01 11 -1.197182653393499e-04 -1.210328163619624e-04
-1.507400000000000e+00 -1.632802848395412e-01 1.411021848599270e+00 6.384004863435525e-01 -7.697043711947567e-01 4.330906667779299e-01 11 -1.145442815433768e-04 -1.158664889564062e-04
-1.505400000000000e+00 -1.616783441461942e-01 1.421736992655276e+00 6.361661953637388e-01 -7.715520538994277e-01 4.317115930510669e-01 11 -1.106372625268615e-04 -1.119669203426775e-04
-1.503400000000000e+00 -1.600881001870560e-01 1.432509321965113e+00 6.338799593993519e-01 -7.734314430328495e-01 4.303791221234575e-01 11 -1.066845090124335e-04 -1.080214108149739e-04
-1.501400000000000e+00 -1.585094474856201e-01 1.443339998497625e+00 6.315413258525621e-01 -7.753422171792195e-01 4.290925120613472e-01 11 -1.040318174799259e-04 -1.053757566402157e-04
-1.499400000000000e+00 -1.569422824666910e-01 1.454230195879371e+00 6.291499577176222e-01 -7.772839447099845e-01 4.278510151440795e-01 11 -1.000000000000870e-04 -1.013507698874345e-04
-1.497400000000000e+00 -1.553865034112317e-01 1.465181099958500e+00 6.267056344543419e-01 -7.792560861123773e-01 4.266538785525543e-01 10 -2.275950539753408e-04 -2.289524481665775e-04
-1.495400000000000e+00 -1.538420104128423e-01 1.476193909368624e+00 6.242082519221918e-01 -7.812579972277029e-01 4.255003454588132e-01 10 -2.213793107144797e-04 -2.227431231944608e-04
-1.493400000000000e+00 -1.523087053357316e-01 1.487269836094206e+00 6.216578230495657e-01 -7.832889320303682e-01 4.243896555356865e-01 10 -2.150821301931173e-04 -2.164521555523957e-04
-1.491400000000000e+00 -1.507864917741616e-01 1.498410106037815e+00 6.190544776639065e-01 -7.853480462089836e-01 4.233210459374528e-01 10 -2.100826901175331e-04 -2.114587237440704e-04
-1.489400000000000e+00 -1.492752750132508e-01 1.509615959590075e+00 6.163984619472442e-01 -7.874344011465791e-01 4.222937519612510e-01 10 -2.036378697249373e-04 -2.050197079880314e-04
-1.487400000000000e+00 -1.477749619911168e-01 1.520888652202911e+00 6.136901389607684e-01 -7.895469671541477e-01 4.213070076191797e-01 13 -1.485604150777645e-05 -1.499478555089330e-05
-1.485400000000000e+00 -1.462854612622915e-01 1.532229454966526e+00 6.109299871625781e-01 -7.916846283625395e-01 4.203600465868846e-01 13 -1.431780853645644e-05 -1.445709268277460e-05
-1.483400000000000e+00 -1.448066829623114e-01 1.543639655191675e+00 6.081185998944746e-01 -7.938461869042289e-01 4.194521027165877e-01 13 -1.391452000901465e-05 -1.405432429504403e-05
-1.481400000000000e+00 -1.433385387734805e-01 1.555120556996943e+00 6.052566845389651e-01 -7.960303673986939e-01 4.185824105979064e-01 13 -1.350761570163716e-05 -1.364792032984684e-05
-1.479400000000000e+00 -1.418809418917399e-01 1.566673481902048e+00 6.023450613956427e-01 -7.982358216794579e-01 4.177502063312446e-01 13 -1.309727777691766e-05 -1.323806313061235e-05
-1.477400000000000e+00 -1.404338069945550e-01 1.578299769428250e+00 5.993846616139912e-01 -8.004611342356862e-01 4.169547279618421e-01 13 -1.282493315820468e-05 -1.296617981591635e-05
-1.475400000000000e+00 -1.389970502098490e-01 1.590000777706098e+00 5.963765263244585e-01 -8.027048267259719e-01 4.161952161185069e-01 13 -1.240870876060673e-05 -1.255039751123579e-05
-1.473400000000000e+00 -1.375705890858499e-01 1.601777884091576e+00 5.933218044662060e-01 -8.049653634442697e-01 4.154709144595193e-01 13 -1.213167781153063e-05 -1.227378966560578e-05
-1.471400000000000e+00 -1.361543425618956e-01 1.613632485790718e+00 5.902217500727950e-01 -8.072411571153982e-01 4.147810704024509e-01 13 -1.185271063788370e-05 -1.199522684068845e-05
-1.469400000000000e+00 -1.347482309400757e-01 1.625566000494806e+00 5.870777218075980e-01 -8.095305729601573e-01 4.141249351301751e-01 13 -1.157192247805752e-05 -1.171482452157424e-05
-1.467400000000000e+00 -1.333521758577167e-01 1.637579867025292e+00 5.838911781725844e-01 -8.118319358415456e-01 4.135017646252173e-01 13 -1.128942669554352e-05 -1.143269632839489e-05
-1.465400000000000e+00 -1.319661002607188e-01 1.649675545989691e+00 5.806636767188095e-01 -8.141435343595096e-01 4.129108196993098e-01 13 -1.100533466798271e-05 -1.114895390637021e-05
-1.463400000000000e+00 -1.305899283775597e-01 1.661854520450565e+00 5.773968705832980e-01 -8.164636267713425e-01 4.123513664325243e-01 13 -1.071975568258900e-05 -1.086370681915520e-05
-1.461400000000000e+00 -1.292235856941227e-01 1.674118296605770e+00 5.740925053031900e-01 -8.187904465458221e-01 4.118226768192645e-01 13 -1.057706245131377e-05 -1.072132806391055e-05
-1.459400000000000e+00 -1.278669989291809e-01 1.686468404483106e+00 5.707524160296963e-01 -8.211222074674783e-01 4.113240288460434e-01 13 -1.028912592092890e-05 -1.043368888136114e-05
-1.457400000000000e+00 -1.265200960105475e-01 1.698906398649391e+00 5.673785241409461e-01 -8.234571089884657e-01 4.108547069930389e-01 13 -1.014484348000898e-05 -1.028968696000729e-05
-1.455400000000000e+00 -1.251828060518942e-01 1.711433858933651e+00 5.639728343970128e-01 -8.257933410134762e-01 4.104140024068847e-01 13 -1.000000000007172e-05 -1.014510747893878e-05
-1.453400000000000e+00 -1.238550593301788e-01 1.724052391167143e+00 5.605374305759064e-01 -8.281290895285354e-01 4.100012133849388e-01 12 -2.395410591060305e-05 -2.409946118060335e-05
-1.451400000000000e+00 -1.225367872636360e-01 1.736763627940072e+00 5.570744728381800e-01 -8.304625408241264e-01 4.096156454803082e-01 12 -2.353960696238787e-05 -2.368519413403797e-05
-1.449400000000000e+00 -1.212279223903957e-01 1.749569229375260e+00 5.535861935075954e-01 -8.327918865825790e-01 4.092566120306140e-01 12 -2.326811913530467e-05 -2.341392264242054e-05
-1.447400000000000e+00 -1.199283983475804e-01 1.762470883920988e+00 5.500748939908378e-01 -8.351153279643289e-01 4.089234339542837e-01 12 -2.284840506590002e-05 -2.299440966899206e-05
-1.445400000000000e+00 -1.186381498509724e-01 1.775470309163098e+00 5.465429407554360e-01 -8.374310800957891e-01 4.086154404113921e-01 12 -2.257240795253798e-05 -2.271859874264270e-05
-1.443400000000000e+00 -1.173571126751655e-01 1.788569252657280e+00 5.429927622796411e-01 -8.397373756788042e-01 4.083319687734714e-01 12 -2.229444173423716e-05 -2.244080413575640e-05
-1.441400000000000e+00 -1.160852236342202e-01 1.801769492782477e+00 5.394268443191920e-01 -8.420324694617413e-01 4.080723649983741e-01 12 -2.201462136890489e-05 -2.216114114186048e-05
-1.439400000000000e+00 -1.148224205627507e-01 1.815072839617360e+00 5.358477283205483e-01 -8.443146404354883e-01 4.078359835378479e-01 12 -2.173305927503027e-05 -2.187972251610125e-05
-1.437400000000000e+00 -1.135686422975214e-01 1.828481135838568e+00 5.322580063503742e-01 -8.465821960541841e-01 4.076221876221545e-01 12 -2.144986526632807e-05 -2.159665841071733e-05
-1.435400000000000e+00 -1.123238286593823e-01 1.841996257645304e+00 5.286603177879834e-01 -8.488334750681716e-01 4.074303496211512e-01 12 -2.131205631297400e-05 -2.145896613525496e-05
-1.433400000000000e+00 -1.110879204357460e-01 1.855620115707092e+00 5.250573477379320e-01 -8.510668490702762e-01 4.072598509996418e-01 12 -2.102602101141446e-05 -2.117303462483182e-05
-1.431400000000000e+00 -1.098608593633803e-01 1.869354656139310e+00 5.214518231172804e-01 -8.532807252995138e-01 4.071100819574994e-01 12 -2.088575943975084e-05 -2.103286429718548e-05
-1.429400000000000e+00 -1.086425881116124e-01 1.883201861506081e+00 5.178465095303273e-01 -8.554735487244808e-01 4.069804425919619e-01 12 -2.059724020406575e-05 -2.074442409558921e-05
-1.427400000000000e+00 -1.074330502659138e-01 1.897163751851959e+00 5.142442083887399e-01 -8.576438037662479e-01 4.068703420858465e-01 12 -2.045482482426798e-05 -2.060207587815127e-05
-1.425400000000000e+00 -1.062321903118728e-01 1.911242385762904e+00 5.106477564313213e-01 -8.597900143940135e-01 4.067791992540686e-01 12 -2.031146754303552e-05 -2.045877422245202e-05
-1.423400000000000e+00 -1.050399536195021e-01 1.925439861459085e+00 5.070600219077491e-01 -8.619107460653411e-01 4.067064424356500e-01 12 -2.016722598626650e-05 -2.031457708738257e-05
-1.421400000000000e+00 -1.038562864278757e-01 1.939758317920193e+00 5.034839047035302e-01 -8.640046051407866e-01 4.066515092193770e-01 12 -2.002215630516398e-05 -2.016954095678831e-05
-1.419400000000000e+00 -1.026811358301158e-01 1.954199936044425e+00 4.999223329722688e-01 -8.660702402204823e-01 4.066138473542393e-01 12 -1.987631313008489e-05 -2.002372078864850e-05
-1.417400000000000e+00 -1.015144497587449e-01 1.968766939841596e+00 4.963782632366742e-01 -8.681063412889822e-01 4.065929141055156e-01 12 -1.972974958988116e-05 -1.987717003838891e-05
-1.415400000000000e+00 -1.003561769712379e-01 1.983461597665673e+00 4.928546785125295e-01 -8.701116398878429e-01 4.065881767286170e-01 12 -1.972994063341218e-05 -1.987736397624097e-05
-1.413400000000000e+00 -9.920626703600877e-02 1.998286223482104e+00 4.893545932717446e-01 -8.720849052952616e-01 4.065991113961892e-01 12 -1.958208301773716e-05 -1.972949967941231e-05
-1.411400000000000e+00 -9.806467031861758e-02 2.013243178176960e+00 4.858810456411353e-01 -8.740249478628611e-01 4.066252050460391e-01 12 -1.943364607734031e-05 -1.958104679718394e-05
-1.409400000000000e+00 -9.693133796827211e-02 2.028334870907138e+00 4.824371054493828e-01 -8.759306132825939e-01 4.066659537839483e-01 12 -1.943205303672518e-05 -1.957942886553420e-05
-1.407400000000000e+00 -9.580622190464869e-02 2.043563760492562e+00 4.790258714909407e-01 -8.778007828900273e-01 4.067208638586238e-01 12 -1.928256457953568e-05 -1.942990687397231e-05
-1.405400000000000e+00 -9.468927480493111e-02 2.058932356854174e+00 4.756504757047063e-01 -8.796343700435350e-01 4.067894507737631e-01 12 -1.927992654493638e-05 -1.942722696588191e-05
-1.403400000000000e+00 -9.358045009116464e-02 2.074443222498204e+00 4.723140851311032e-01 -8.814303177147749e-01 4.068712402454701e-01 12 -1.912953136183200e-05 -1.927678186764417e-05
-1.401400000000000e+00 -9.247970191784147e-02 2.090098974048197e+00 4.690199034955094e-01 -8.831875962246429e-01 4.069657677307871e-01 12 -1.912595616685884e-05 -1.927314900811606e-05
-1.399400000000000e+00 -9.138698515975457e-02 2.105902283828421e+00 4.657711799792949e-01 -8.849051971260511e-01 4.070725779506261e-01 12 -1.897479069896701e-05 -1.912191841532851e-05
-1.397400000000000e+00 -9.030225540007317e-02 2.121855881499268e+00 4.625712084698740e-01 -8.865821321765516e-01 4.071912256125917e-01 12 -1.897038024210231e-05 -1.911743565591153e-05
-1.395400000000000e+00 -8.922546891869716e-02 2.137962555747279e+00 4.594233367934543e-01 -8.882174269904686e-01 4.073212750603623e-01 12 -1.896554890174711e-05 -1.911252511330109e-05
-1.393400000000000e+00 -8.815658268080466e-02 2.154225156032384e+00 4.563309726461445e-01 -8.898101164876828e-01 4.074623000223309e-01 12 -1.881342292387183e-05 -1.896031330554726e-05
-1.391400000000000e+00 -8.709555432566804e-02 2.170646594393712e+00 4.532975889298874e-01 -8.913592406377749e-01 4.076138844363472e-01 12 -1.880789153490575e-05 -1.895468972709562e-05
-1.389400000000000e+00 -8.604234215566707e-02 2.187229847317690e+00 4.503267393689034e-01 -8.928638349767403e-01 4.077756199534028e-01 12 -1.880199426153389e-05 -1.894869416626142e-05
-1.387400000000000e+00 -8.499690512553094e-02 2.203977957670249e+00 4.474220550830534e-01 -8.943229308394464e-01 4.079471103589853e-01 12 -1.879574640932102e-05 -1.894234218293705e-05
-1.385400000000000e+00 -8.395920283178485e-02 2.220894036695856e+00 4.445872715538973e-01 -8.957355401971394e-01 4.081279665691476e-01 12 -1.864267697385073e-05 -1.878916302431609e-05
-1.383400000000000e+00 -8.292919550241466e-02 2.237981266086397e+00 4.418262322091364e-01 -8.971006523974210e-01 4.083178090581161e-01 12 -1.863588782151246e-05 -1.878225880133886e-05
-1.381400000000000e+00 -8.190684398674022e-02 2.255242900122634e+00 4.391428965508240e-01 -8.984172284684618e-01 4.085162693103230e-01 12 -1.862879722631300e-05 -1.877504802703352e-05
-1.379400000000000e+00 -8.089210974547478e-02 2.272682267890985e+00 4.365413754739311e-01 -8.996841820879860e-01 4.087229850972141e-01 12 -1.862141899907997e-05 -1.876754474445909e-05
-1.377400000000000e+00 -7.988495484099162e-02 2.290302775580116e+00 4.340259240092635e-01 -9.009003814450880e-01 4.089376065994582e-01 12 -1.861376648845210e-05 -1.875976253092895e-05
-1.375400000000000e+00 -7.888534192775386e-02 2.308107908859955e+00 4.316009809639496e-01 -9.020646280788071e-01 4.091597904219745e-01 12 -1.845999088245767e-05 -1.860585279421059e-05
-1.373400000000000e+00 -7.789323424298794e-02 2.326101235344336e+00 4.292711831546006e-01 -9.031756480956787e-01 4.093892028683321e-01 12 -1.845196707609038e-05 -1.859769064651250e-05
-1.371400000000000e+00 -7.690859559747142e-02 2.344286407146935e+00 4.270413871520002e-01 -9.042320795345050e-01 4.096255195184020e-01 12 -1.844371118971036e-05 -1.858929241708732e-05
-1.369400000000000e+00 -7.593139036654049e-02 2.362667163527306e+00 4.249167020247147e-01 -9.052324543123936e-01 4.098684245853405e-01 12 -1.843523505388418e-05 -1.858067014100002e-05
-1.367400000000000e+00 -7.496158348127442e-02 2.381247333635748e+00 4.229025183545040e-01 -9.061751817222862e-01 4.101176108676750e-01 12 -1.842655016891396e-05 -1.857183551689622e-05
-1.365400000000000e+00 -7.399914041980304e-02 2.400030839361369e+00 4.210045424637187e-01 -9.070585291065373e-01 4.103727802463160e-01 12 -1.841766768603193e-05 -1.856279988736699e-05
-1.363400000000000e+00 -7.304402719885457e-02 2.419021698283557e+00 4.192288397243785e-01 -9.078805978449762e-01 4.106336416626908e-01 12 -1.826362263756639e-05 -1.840859847341407e-05
-1.361400000000000e+00 -7.209621036541235e-02 2.438224026736529e+00 4.175818713395276e-01 -9.086393017741299e-01 4.108999141875920e-01 12 -1.825453658093109e-05 -1.839935301252208e-05
-1.359400000000000e+00 -7.115565698852348e-02 2.457642042989657e+00 4.160705481469682e-01 -9.093323369179617e-01 4.111713245186130e-01 12 -1.824528731736901e-05 -1.838994148068167e-05
