0.95387536e-3 4 0 0 0.0
-1.717400000000000e+00 -4.423095655626668e-01 3.025494611174133e-01 4.776277342029243e-01 -8.785623185182601e-01 1.131714114494148e+00
-1.713400000000000e+00 -4.330249069978471e-01 3.397202039070799e-01 4.549769710892908e-01 -8.905032036879007e-01 1.152361962007564e+00
-1.709400000000000e+00 -4.240694981627159e-01 3.733198680876313e-01 4.312313206455723e-01 -9.022414023387951e-01 1.172329926222052e+00
-1.705400000000000e+00 -4.154177315037704e-01 4.042795724309182e-01 4.076741951074981e-01 -9.131274558589582e-01 1.191938471097542e+00
-1.701400000000000e+00 -4.070471372049808e-01 4.331997764509136e-01 3.848845491739030e-01 -9.229647251153217e-01 1.211392716121777e+00
-1.697400000000000e+00 -3.989378764079122e-01 4.604946408534322e-01 3.631223546515763e-01 -9.317414639009551e-01 1.230833322808905e+00
-1.693400000000000e+00 -3.910723345143664e-01 4.864642004601045e-01 3.424907739235750e-01 -9.395211917659072e-01 1.250361588312706e+00
-1.689400000000000e+00 -3.834347915053900e-01 5.113341250952638e-01 3.230120524708454e-01 -9.463948509784760e-01 1.270053058143060e+00
-1.685400000000000e+00 -3.760111522278522e-01 5.352792702470491e-01 3.046658364954909e-01 -9.524593052054785e-01 1.289965444996453e+00
-1.681400000000000e+00 -3.687887238786534e-01 5.584384345165749e-01 2.874095973835007e-01 -9.578077695090252e-01 1.310143484006504e+00
-1.677400000000000e+00 -3.617560310035504e-01 5.809240338359823e-01 2.711899327980314e-01 -9.625258543795067e-01 1.330622031049949e+00
-1.673400000000000e+00 -3.549026605852851e-01 6.028286824288634e-01 2.559489638687135e-01 -9.666902957486084e-01 1.351428100482638e+00
-1.669400000000000e+00 -3.482191314681221e-01 6.242298100998397e-01 2.416279871497012e-01 -9.703689586059437e-01 1.372582235554388e+00
-1.665400000000000e+00 -3.416967836185221e-01 6.451929878652617e-01 2.281695420914488e-01 -9.736214151618577e-01 1.394099444458540e+00
-1.661400000000000e+00 -3.353276836704618e-01 6.657743778578764e-01 2.155185437181175e-01 -9.764997477283964e-01 1.415989846139775e+00
-1.657400000000000e+00 -3.291045439290924e-01 6.860225738078867e-01 2.036228563116373e-01 -9.790494024243569e-01 1.438259118325137e+00
-1.653400000000000e+00 -3.230206525666782e-01 7.059800076710334e-01 1.924335311714296e-01 -9.813100101807249e-01 1.460908809278876e+00
-1.649400000000000e+00 -3.170698131803310e-01 7.256840411626969e-01 1.819048435964278e-01 -9.833161383177635e-01 1.483936555541775e+00
-1.645400000000000e+00 -3.112462922233554e-01 7.451678243650033e-01 1.719942121664350e-01 -9.850979600939428e-01 1.507336235724190e+00
-1.641400000000000e+00 -3.055447730924749e-01 7.644609794120394e-01 1.626620519853456e-01 -9.866818417524044e-01 1.531098082175572e+00
-1.637400000000000e+00 -2.999603158686961e-01 7.835901509453174e-01 1.538715939967036e-01 -9.880908523819627e-01 1.555208767240477e+00
-1.633400000000000e+00 -2.944883218821746e-01 8.025794537973582e-01 1.455886903988864e-01 -9.893452042780302e-01 1.579651476887546e+00
-1.629400000000000e+00 -2.891245024111395e-01 8.214508404818575e-01 1.377816184843694e-01 -9.904626321107868e-01 1.604405981791401e+00
-1.625400000000000e+00 -2.838648509378806e-01 8.402244054553363e-01 1.304208902354793e-01 -9.914587189541404e-01 1.629448714189487e+00
-1.621400000000000e+00 -2.787056184772589e-01 8.589186390531709e-01 1.234790719333223e-01 -9.923471765438170e-01 1.654752857054662e+00
-1.617400000000000e+00 -2.736432915692006e-01 8.775506410240350e-01 1.169306159719251e-01 -9.931400863163394e-01 1.680288450965334e+00
-1.613400000000000e+00 -2.686745725891371e-01 8.961363013754330e-01 1.107517057826578e-01 -9.938481069389988e-01 1.706022522968971e+00
-1.609400000000000e+00 -2.637963620823068e-01 9.146904545818240e-01 1.049201139898503e-01 -9.944806532458823e-01 1.731919240572849e+00
-1.605400000000000e+00 -2.590057428711946e-01 9.332270119440990e-01 9.941507335965347e-02 -9.950460507880501e-01 1.757940093319361e+00
-1.601400000000000e+00 -2.542999657214297e-01 9.517590759230633e-01 9.421715988689916e-02 -9.955516695696143e-01 1.784044103103112e+00
-1.597400000000000e+00 -2.496764363820317e-01 9.702990395182458e-01 8.930818712609101e-02 -9.960040400079967e-01 1.810188063877491e+00
-1.593400000000000e+00 -2.451327038414945e-01 9.888586731795507e-01 8.467111089456200e-02 -9.964089536831154e-01 1.836326809911353e+00
-1.589400000000000e+00 -2.406664496628532e-01 1.007449201276828e+00 8.028994332476629e-02 -9.967715510591711e-01 1.862413511767743e+00
-1.585400000000000e+00 -2.362754782793522e-01 1.026081369787119e+00 7.614967543184936e-02 -9.970963980135642e-01 1.888399997214256e+00
-1.581400000000000e+00 -2.319577081479020e-01 1.044765506566208e+00 7.223620724831832e-02 -9.973875527408481e-01 1.914237094538428e+00
-1.577400000000000e+00 -2.277111636709983e-01 1.063511575334736e+00 6.853628474727760e-02 -9.976486243528029e-01 1.939874994187930e+00
-1.573400000000000e+00 -2.235339678089938e-01 1.082329224319080e+00 6.503744278103389e-02 -9.978828243017833e-01 1.965263624505953e+00
-1.569400000000000e+00 -2.194243353144438e-01 1.101227830330991e+00 6.172795333846873e-02 -9.980930115859162e-01 1.990353036656475e+00
-1.565400000000000e+00 -2.153805665285431e-01 1.120216538942937e+00 5.859677848631861e-02 -9.982817325540047e-01 2.015093793585003e+00
-1.561400000000000e+00 -2.114010416868579e-01 1.139304301310426e+00 5.563352747834528e-02 -9.984512560061789e-01 2.039437356902371e+00
-1.557400000000000e+00 -2.074842156874714e-01 1.158499908108880e+00 5.282841745832920e-02 -9.986036041938005e-01 2.063336466910254e+00
-1.553400000000000e+00 -2.036286132801715e-01 1.177812020977976e+00 5.017223738126390e-02 -9.987405802289993e-01 2.086745509275236e+00
-1.549400000000000e+00 -1.998328246394915e-01 1.197249201811049e+00 4.765631472170262e-02 -9.988637923496607e-01 2.109620863570761e+00
-1.545400000000000e+00 -1.960955012885431e-01 1.216819940175840e+00 4.527248465163964e-02 -9.989746754214879e-01 2.131921228213378e+00
-1.541400000000000e+00 -1.924153523436572e-01 1.236532679114663e+00 4.301306138563386e-02 -9.990745100092564e-01 2.153607917388130e+00
-1.537400000000000e+00 -1.887911410529371e-01 1.256395839537670e+00 4.087081142856955e-02 -9.991644393057483e-01 2.174645126045049e+00
-1.533400000000000e+00 -1.852216816041114e-01 1.276417843397291e+00 3.883892852724623e-02 -9.992454841683577e-01 2.195000159508560e+00
-1.529400000000000e+00 -1.817058361793316e-01 1.296607135808954e+00 3.691101016156552e-02 -9.993185564817921e-01 2.214643624586021e+00
-1.525400000000000e+00 -1.782425122365253e-01 1.316972206265212e+00 3.508103534746676e-02 -9.993844710415255e-01 2.233549581791860e+00
-1.521400000000000e+00 -1.748306599984961e-01 1.337521609076505e+00 3.334334366538967e-02 -9.994439561242100e-01 2.251695656890694e+00
-1.517400000000000e+00 -1.714692701324476e-01 1.358263983160720e+00 3.169261547947060e-02 -9.994976628907496e-01 2.269063110202005e+00
-1.513400000000000e+00 -1.681573716040962e-01 1.379208071293146e+00 3.012385306799440e-02 -9.995461737590404e-01 2.285636867778677e+00
-1.509400000000000e+00 -1.648940296916716e-01 1.400362738922793e+00 2.863236277240019e-02 -9.995900098550754e-01 2.301405512438186e+00
-1.505400000000000e+00 -1.616783441461942e-01 1.421736992655276e+00 2.721373803285349e-02 -9.996296376470033e-01 2.316361237539638e+00
-1.501400000000000e+00 -1.585094474856201e-01 1.443339998497625e+00 2.586384318438175e-02 -9.996654748543303e-01 2.330499768110052e+00
-1.497400000000000e+00 -1.553865034112317e-01 1.465181099958500e+00 2.457879810056469e-02 -9.996978957084643e-01 2.343820249000731e+00
-1.493400000000000e+00 -1.523087053357316e-01 1.487269836094206e+00 2.335496355619854e-02 -9.997272356384459e-01 2.356325105612646e+00
-1.489400000000000e+00 -1.492752750132508e-01 1.509615959590075e+00 2.218892729540523e-02 -9.997537954443980e-01 2.368019880399382e+00
-1.485400000000000e+00 -1.462854612622915e-01 1.532229454966526e+00 2.107749078288240e-02 -9.997778450147300e-01 2.378913048454508e+00
-1.481400000000000e+00 -1.433385387734805e-01 1.555120556996943e+00 2.001765657189235e-02 -9.997996266379428e-01 2.389015817586384e+00
-1.477400000000000e+00 -1.404338069945550e-01 1.578299769428250e+00 1.900661637700513e-02 -9.998193579511738e-01 2.398341912954190e+00
-1.473400000000000e+00 -1.375705890858499e-01 1.601777884091576e+00 1.804173966673833e-02 -9.998372345686060e-01 2.406907354828864e+00
-1.469400000000000e+00 -1.347482309400757e-01 1.625566000494806e+00 1.712056286780251e-02 -9.998534324225175e-01 2.414730229962852e+00
-1.465400000000000e+00 -1.319661002607188e-01 1.649675545989691e+00 1.624077916481369e-02 -9.998681098485539e-01 2.421830458954365e+00
-1.461400000000000e+00 -1.292235856941227e-01 1.674118296605770e+00 1.540022878450662e-02 -9.998814094448325e-01 2.428229565894610e+00
-1.457400000000000e+00 -1.265200960105475e-01 1.698906398649391e+00 1.459688978312925e-02 -9.998934597289149e-01 2.433950452148038e+00
-1.453400000000000e+00 -1.238550593301788e-01 1.724052391167143e+00 1.382886942708543e-02 -9.999043766132683e-01 2.439017171783500e+00
-1.449400000000000e+00 -1.212279223903957e-01 1.749569229375260e+00 1.309439593900853e-02 -9.999142647222273e-01 2.443454718977644e+00
-1.445400000000000e+00 -1.186381498509724e-01 1.775470309163098e+00 1.239181076262256e-02 -9.999232185653173e-01 2.447288822307531e+00
-1.441400000000000e+00 -1.160852236342202e-01 1.801769492782477e+00 1.171956125391031e-02 -9.999313235837829e-01 2.450545750382405e+00
-1.437400000000000e+00 -1.135686422975214e-01 1.828481135838568e+00 1.107619378142833e-02 -9.999386570841815e-01 2.453252129167718e+00
-1.433400000000000e+00 -1.110879204357460e-01 1.855620115707092e+00 1.046034718810744e-02 -9.999452890717093e-01 2.455434773976179e+00
-1.429400000000000e+00 -1.086425881116124e-01 1.883201861506081e+00 9.870746779968430e-03 -9.999512829923295e-01 2.457120527224548e+00
-1.425400000000000e+00 -1.062321903118728e-01 1.911242385762904e+00 9.306198403167551e-03 -9.999566963980395e-01 2.458336122995788e+00
-1.421400000000000e+00 -1.038562864278757e-01 1.939758317920193e+00 8.765583163396411e-03 -9.999615815379137e-01 2.459108050185776e+00
-1.417400000000000e+00 -1.015144497587449e-01 1.968766939841596e+00 8.247852305926392e-03 -9.999659858876899e-01 2.459462436331633e+00
-1.413400000000000e+00 -9.920626703600877e-02 1.998286223482104e+00 7.752022316469847e-03 -9.999699526235800e-01 2.459424950790360e+00
-1.409400000000000e+00 -9.693133796827211e-02 2.028334870907138e+00 7.277170601452729e-03 -9.999735210434511e-01 2.459020702851340e+00
-1.405400000000000e+00 -9.468927480493111e-02 2.058932356854174e+00 6.822431138950848e-03 -9.999767269458596e-01 2.458274170783076e+00
-1.401400000000000e+00 -9.247970191784147e-02 2.090098974048197e+00 6.386990574606032e-03 -9.999796029676805e-01 2.457209129834955e+00
-1.397400000000000e+00 -9.030225540007317e-02 2.121855881499268e+00 5.970084503007194e-03 -9.999821788867175e-01 2.455848596027126e+00
-1.393400000000000e+00 -8.815658268080466e-02 2.154225156032384e+00 5.570993967659033e-03 -9.999844818927003e-01 2.454214780192134e+00
-1.389400000000000e+00 -8.604234215566707e-02 2.187229847317690e+00 5.189042216713801e-03 -9.999865368298081e-01 2.452329049262694e+00
-1.385400000000000e+00 -8.395920283178485e-02 2.220894036695856e+00 4.823591602908984e-03 -9.999883664143541e-01 2.450211900437112e+00
-1.381400000000000e+00 -8.190684398674022e-02 2.255242900122634e+00 4.474040877356475e-03 -9.999899914290281e-01 2.447882926280132e+00
-1.377400000000000e+00 -7.988495484099162e-02 2.290302775580116e+00 4.139822327311781e-03 -9.999914308988344e-01 2.445360815969060e+00
-1.373400000000000e+00 -7.789323424298794e-02 2.326101235344336e+00 3.820399310518589e-03 -9.999927022479255e-01 2.442663344359354e+00
-1.369400000000000e+00 -7.593139036654049e-02 2.362667163527306e+00 3.515264018028937e-03 -9.999938214403544e-01 2.439807359185755e+00
-1.365400000000000e+00 -7.399914041980304e-02 2.400030839361369e+00 3.223935146484318e-03 -9.999948031075818e-01 2.436808796903613e+00
-1.361400000000000e+00 -7.209621036541235e-02 2.438224026736529e+00 2.945956034122378e-03 -9.999956606621075e-01 2.433682669256917e+00
