0.95387536e-3 6 0 0.0
-1.741000e+00 -5.557934674788981e+00 5.679407383172088e-02 -9.931662965391168e-01 -1.167077864530687e-01 2.699948380470563e+00
-1.742000e+00 -5.555013542254881e+00 5.677350755710627e-02 -9.931122388398196e-01 -1.171668940723498e-01 2.675146108010678e+00
-1.743000e+00 -5.552086398471735e+00 5.675281315663597e-02 -9.930576144658115e-01 -1.176289690147445e-01 2.650753619325105e+00
-1.744000e+00 -5.549153216686452e+00 5.673198966850308e-02 -9.930024204252548e-01 -1.180940008196251e-01 2.626762779160858e+00
-1.745000e+00 -5.546213969941207e+00 5.671103612107015e-02 -9.929466537511600e-01 -1.185619787468734e-01 2.603165638774592e+00
-1.746000e+00 -5.543268631071073e+00 5.668995153274380e-02 -9.928903115022908e-01 -1.190328917773740e-01 2.579954431213000e+00
-1.747000e+00 -5.540317172701515e+00 5.666873491184715e-02 -9.928333907640954e-01 -1.195067286133672e-01 2.557121566726433e+00
-1.748000e+00 -5.537359567245829e+00 5.664738525649344e-02 -9.927758886496469e-01 -1.199834776788200e-01 2.534659628305728e+00
-1.749000e+00 -5.534395786902617e+00 5.662590155445320e-02 -9.927178023006041e-01 -1.204631271197067e-01 2.512561367342539e+00
-1.750000e+00 -5.531425803653205e+00 5.660428278302147e-02 -9.926591288881874e-01 -1.209456648042623e-01 2.490819699407170e+00
-1.751000e+00 -5.528449589258980e+00 5.658252790888410e-02 -9.925998656141698e-01 -1.214310783231873e-01 2.469427700141265e+00
-1.752000e+00 -5.525467115258811e+00 5.656063588797745e-02 -9.925400097118903e-01 -1.219193549897668e-01 2.448378601263478e+00
-1.753000e+00 -5.522478352966233e+00 5.653860566535181e-02 -9.924795584472773e-01 -1.224104818399854e-01 2.427665786681413e+00
-1.754000e+00 -5.519483273466815e+00 5.651643617502685e-02 -9.924185091198946e-01 -1.229044456325546e-01 2.407282788710240e+00
-1.755000e+00 -5.516481847615346e+00 5.649412633984793e-02 -9.923568590640000e-01 -1.234012328489163e-01 2.387223284391627e+00
-1.756000e+00 -5.513474046032989e+00 5.647167507134042e-02 -9.922946056496265e-01 -1.239008296931552e-01 2.367481091914617e+00
-1.757000e+00 -5.510459839104538e+00 5.644908126955762e-02 -9.922317462836749e-01 -1.244032220919092e-01 2.348050167129006e+00
-1.758000e+00 -5.507439196975390e+00 5.642634382293175e-02 -9.921682784110298e-01 -1.249083956941772e-01 2.328924600155333e+00
-1.759000e+00 -5.504412089548710e+00 5.640346160811730e-02 -9.921041995156876e-01 -1.254163358711168e-01 2.310098612083507e+00
-1.760000e+00 -5.501378486482424e+00 5.638043348983528e-02 -9.920395071219046e-01 -1.259270277157712e-01 2.291566551760297e+00
-1.761000e+00 -5.498338357186198e+00 5.635725832071284e-02 -9.919741987953652e-01 -1.264404560427293e-01 2.273322892662702e+00
-1.762000e+00 -5.495291670818374e+00 5.633393494112129e-02 -9.919082721443629e-01 -1.269566053877642e-01 2.255362229853911e+00
-1.763000e+00 -5.492238396282883e+00 5.631046217901008e-02 -9.918417248210022e-01 -1.274754600074048e-01 2.237679277019761e+00
-1.764000e+00 -5.489178502226088e+00 5.628683884973889e-02 -9.917745545224164e-01 -1.279970038784607e-01 2.220268863584176e+00
-1.765000e+00 -5.486111957033537e+00 5.626306375590840e-02 -9.917067589920061e-01 -1.285212206974832e-01 2.203125931900946e+00
-1.766000e+00 -5.483038728826810e+00 5.623913568718357e-02 -9.916383360206900e-01 -1.290480938802165e-01 2.186245534518038e+00
-1.767000e+00 -5.479958785460124e+00 5.621505342011895e-02 -9.915692834481822e-01 -1.295776065609273e-01 2.169622831516534e+00
-1.768000e+00 -5.476872094517057e+00 5.619081571797745e-02 -9.914995991642745e-01 -1.301097415917919e-01 2.153253087915964e+00
-1.769000e+00 -5.473778623307151e+00 5.616642133054834e-02 -9.914292811101507e-01 -1.306444815421218e-01 2.137131671151010e+00
-1.770000e+00 -5.470678338862414e+00 5.614186899395991e-02 -9.913583272797086e-01 -1.311818086976166e-01 2.121254048611746e+00
-1.771000e+00 -5.467571207933859e+00 5.611715743049098e-02 -9.912867357209005e-01 -1.317217050595744e-01 2.105615785248857e+00
-1.772000e+00 -5.464457196987960e+00 5.609228534837699e-02 -9.912145045370971e-01 -1.322641523440004e-01 2.090212541241496e+00
-1.773000e+00 -5.461336272202991e+00 5.606725144161513e-02 -9.911416318884629e-01 -1.328091319807286e-01 2.075040069725033e+00
-1.774000e+00 -5.458208399465440e+00 5.604205438976354e-02 -9.910681159933521e-01 -1.333566251124688e-01 2.060094214578700e+00
-1.775000e+00 -5.455073544366236e+00 5.601669285773841e-02 -9.909939551297201e-01 -1.339066125938312e-01 2.045370908269147e+00
-1.776000e+00 -5.451931672196952e+00 5.599116549560777e-02 -9.909191476365521e-01 -1.344590749903076e-01 2.030866169750666e+00
-1.777000e+00 -5.448782747946035e+00 5.596547093838011e-02 -9.908436919153107e-01 -1.350139925772021e-01 2.016576102419227e+00
-1.778000e+00 -5.445626736294821e+00 5.593960780579122e-02 -9.907675864314019e-01 -1.355713453385136e-01 2.002496892119581e+00
-1.779000e+00 -5.442463601613636e+00 5.591357470208537e-02 -9.906908297156500e-01 -1.361311129658347e-01 1.988624805202363e+00
-1.780000e+00 -5.439293307957761e+00 5.588737021579361e-02 -9.906134203657959e-01 -1.366932748571743e-01 1.974956186631842e+00
-1.781000e+00 -5.436115819063303e+00 5.586099291950799e-02 -9.905353570480131e-01 -1.372578101157279e-01 1.961487458142063e+00
-1.782000e+00 -5.432931098343078e+00 5.583444136965130e-02 -9.904566384984328e-01 -1.378246975486792e-01 1.948215116439777e+00
-1.783000e+00 -5.429739108882375e+00 5.580771410624327e-02 -9.903772635246940e-01 -1.383939156658950e-01 1.935135731453223e+00
-1.784000e+00 -5.426539813434667e+00 5.578080965266141e-02 -9.902972310074971e-01 -1.389654426786889e-01 1.922245944624820e+00
-1.785000e+00 -5.423333174417222e+00 5.575372651539979e-02 -9.902165399021897e-01 -1.395392564984314e-01 1.909542467248716e+00
-1.786000e+00 -5.420119153906704e+00 5.572646318381964e-02 -9.901351892403490e-01 -1.401153347352755e-01 1.897022078848061e+00
-1.787000e+00 -5.416897713634638e+00 5.569901812989986e-02 -9.900531781313970e-01 -1.406936546967212e-01 1.884681625596129e+00
-1.788000e+00 -5.413668814982860e+00 5.567138980797839e-02 -9.899705057642144e-01 -1.412741933862849e-01 1.872518018774253e+00
-1.789000e+00 -5.410432418978794e+00 5.564357665449356e-02 -9.898871714087815e-01 -1.418569275020493e-01 1.860528233270877e+00
-1.790000e+00 -5.407188486290762e+00 5.561557708771651e-02 -9.898031744178258e-01 -1.424418334352488e-01 1.848709306117393e+00
-1.791000e+00 -5.403936977223180e+00 5.558738950748048e-02 -9.897185142284824e-01 -1.430288872688496e-01 1.837058335060048e+00
-1.792000e+00 -5.400677851711608e+00 5.555901229490512e-02 -9.896331903639791e-01 -1.436180647760313e-01 1.825572477169382e+00
-1.793000e+00 -5.397411069317806e+00 5.553044381211563e-02 -9.895472024353148e-01 -1.442093414187934e-01 1.814248947481935e+00
-1.794000e+00 -5.394136589224624e+00 5.550168240195622e-02 -9.894605501429689e-01 -1.448026923464250e-01 1.803085017677963e+00
-1.795000e+00 -5.390854370230903e+00 5.547272638769827e-02 -9.893732332786129e-01 -1.453980923940318e-01 1.792078014790860e+00
-1.796000e+00 -5.387564370746191e+00 5.544357407274247e-02 -9.892852517268363e-01 -1.459955160810426e-01 1.781225319949023e+00
-1.797000e+00 -5.384266548785413e+00 5.541422374031690e-02 -9.891966054668815e-01 -1.465949376097240e-01 1.770524367148331e+00
-1.798000e+00 -5.380960861963424e+00 5.538467365316840e-02 -9.891072945743925e-01 -1.471963308636666e-01 1.759972642055955e+00
-1.799000e+00 -5.377647267489560e+00 5.535492205324608e-02 -9.890173192231690e-01 -1.477996694063154e-01 1.749567680842302e+00
-1.800000e+00 -5.374325722161887e+00 5.532496716138380e-02 -9.889266796869429e-01 -1.484049264794083e-01 1.739307069043967e+00
-1.801000e+00 -5.370996182361613e+00 5.529480717697013e-02 -9.888353763411358e-01 -1.490120750016062e-01 1.729188440450842e+00
-1.802000e+00 -5.367658604047219e+00 5.526444027761683e-02 -9.887434096646639e-01 -1.496210875668755e-01 1.719209476025373e+00
-1.803000e+00 -5.364312942748469e+00 5.523386461881975e-02 -9.886507802417115e-01 -1.502319364431383e-01 1.709367902843577e+00
-1.804000e+00 -5.360959153560482e+00 5.520307833361141e-02 -9.885574887635407e-01 -1.508445935707418e-01 1.699661493065279e+00
-1.805000e+00 -5.357597191137531e+00 5.517207953220851e-02 -9.884635360302945e-01 -1.514590305610289e-01 1.690088062927961e+00
-1.806000e+00 -5.354227009686807e+00 5.514086630165219e-02 -9.883689229528028e-01 -1.520752186949491e-01 1.680645471764853e+00
-1.807000e+00 -5.350848562962061e+00 5.510943670544043e-02 -9.882736505544085e-01 -1.526931289215819e-01 1.671331621048201e+00
-1.808000e+00 -5.347461804257100e+00 5.507778878315494e-02 -9.881777199727716e-01 -1.533127318568639e-01 1.662144453453471e+00
-1.809000e+00 -5.344066686399228e+00 5.504592055007809e-02 -9.880811324617117e-01 -1.539339977821055e-01 1.653081951949276e+00
-1.810000e+00 -5.340663161742478e+00 5.501382999680465e-02 -9.879838893930196e-01 -1.545568966427624e-01 1.644142138905897e+00
-1.811000e+00 -5.337251182160835e+00 5.498151508884357e-02 -9.878859922582953e-01 -1.551813980470700e-01 1.635323075228058e+00
-1.812000e+00 -5.333830699041178e+00 5.494897376621475e-02 -9.877874426707718e-01 -1.558074712648171e-01 1.626622859506492e+00
-1.813000e+00 -5.330401663276228e+00 5.491620394303432e-02 -9.876882423671461e-01 -1.564350852261011e-01 1.618039627191242e+00
-1.814000e+00 -5.326964025257372e+00 5.488320350709283e-02 -9.875883932094067e-01 -1.570642085201538e-01 1.609571549783730e+00
-1.815000e+00 -5.323517734867179e+00 5.484997031942624e-02 -9.874878971866664e-01 -1.576948093941451e-01 1.601216834049111e+00
-1.816000e+00 -5.320062741471927e+00 5.481650221387662e-02 -9.873867564169779e-01 -1.583268557521416e-01 1.592973721246093e+00
-1.817000e+00 -5.316598993914009e+00 5.478279699664404e-02 -9.872849731491696e-01 -1.589603151539511e-01 1.584840486377004e+00
-1.818000e+00 -5.313126440504075e+00 5.474885244582928e-02 -9.871825497646398e-01 -1.595951548142503e-01 1.576815437452743e+00
-1.819000e+00 -5.309645029013096e+00 5.471466631096782e-02 -9.870794887791914e-01 -1.602313416014802e-01 1.568896914778439e+00
-1.820000e+00 -5.306154706664297e+00 5.468023631255284e-02 -9.869757928448184e-01 -1.608688420370527e-01 1.561083290253423e+00
-1.821000e+00 -5.302655420124836e+00 5.464556014155012e-02 -9.868714647515141e-01 -1.615076222944324e-01 1.553372966689002e+00
-1.822000e+00 -5.299147115497439e+00 5.461063545890105e-02 -9.867665074290468e-01 -1.621476481984273e-01 1.545764377141345e+00
-1.823000e+00 -5.295629738311840e+00 5.457545989501527e-02 -9.866609239487462e-01 -1.627888852244113e-01 1.538255984261314e+00
-1.824000e+00 -5.292103233515934e+00 5.454003104925460e-02 -9.865547175252718e-01 -1.634312984976598e-01 1.530846279658487e+00
-1.825000e+00 -5.288567545466929e+00 5.450434648940458e-02 -9.864478915183553e-01 -1.640748527928369e-01 1.523533783279985e+00
-1.826000e+00 -5.285022617922276e+00 5.446840375113345e-02 -9.863404494345479e-01 -1.647195125334397e-01 1.516317042804333e+00
-1.827000e+00 -5.281468394030298e+00 5.443220033744259e-02 -9.862323949289450e-01 -1.653652417913675e-01 1.509194633049117e+00
-1.828000e+00 -5.277904816320792e+00 5.439573371810306e-02 -9.861237318068915e-01 -1.660120042865874e-01 1.502165155392406e+00
-1.829000e+00 -5.274331826695344e+00 5.435900132908093e-02 -9.860144640256738e-01 -1.666597633868573e-01 1.495227237207421e+00
-1.830000e+00 -5.270749366417499e+00 5.432200057194833e-02 -9.859045956961934e-01 -1.673084821075295e-01 1.488379531310554e+00
-1.831000e+00 -5.267157376102722e+00 5.428472881328571e-02 -9.857941310846134e-01 -1.679581231114829e-01 1.481620715421775e+00
-1.832000e+00 -5.263555795708061e+00 5.424718338406730e-02 -9.856830746139982e-01 -1.686086487090600e-01 1.474949491637870e+00
-1.833000e+00 -5.259944564521802e+00 5.420936157903360e-02 -9.855714308659034e-01 -1.692600208582518e-01 1.468364585916897e+00
-1.834000e+00 -5.256323621152734e+00 5.417126065605216e-02 -9.854592045819692e-01 -1.699122011648149e-01 1.461864747575309e+00
-1.835000e+00 -5.252692903519199e+00 5.413287783546259e-02 -9.853464006654689e-01 -1.705651508826038e-01 1.455448748795948e+00
-1.836000e+00 -5.249052348838062e+00 5.409421029940770e-02 -9.852330241828414e-01 -1.712188309139288e-01 1.449115384148010e+00
-1.837000e+00 -5.245401893613289e+00 5.405525519114833e-02 -9.851190803651851e-01 -1.718732018100898e-01 1.442863470116764e+00
-1.838000e+00 -5.241741473624374e+00 5.401600961436547e-02 -9.850045746097236e-01 -1.725282237719888e-01 1.436691844644594e+00
-1.839000e+00 -5.238071023914489e+00 5.397647063244408e-02 -9.848895124812360e-01 -1.731838566508817e-01 1.430599366682396e+00
-1.840000e+00 -5.234390478778413e+00 5.393663526774229e-02 -9.847738997134652e-01 -1.738400599491789e-01 1.424584915750944e+00
-1.841000e+00 -5.230699771750145e+00 5.389650050084405e-02 -9.846577422104699e-01 -1.744967928214723e-01 1.418647391511884e+00
-1.842000e+00 -5.226998835590352e+00 5.385606326979242e-02 -9.845410460479632e-01 -1.751540140755623e-01 1.412785713348984e+00
-1.843000e+00 -5.223287602273427e+00 5.381532046931009e-02 -9.844238174745794e-01 -1.758116821737850e-01 1.406998819957591e+00
-1.844000e+00 -5.219566002974361e+00 5.377426894999646e-02 -9.843060629131380e-01 -1.764697552342541e-01 1.401285668944687e+00
-1.845000e+00 -5.215833968055285e+00 5.373290551751000e-02 -9.841877889618328e-01 -1.771281910324239e-01 1.395645236436289e+00
-1.846000e+00 -5.212091427051792e+00 5.369122693172968e-02 -9.840690023953870e-01 -1.777869470027196e-01 1.390076516694731e+00
-1.847000e+00 -5.208338308658766e+00 5.364922990589877e-02 -9.839497101661705e-01 -1.784459802402650e-01 1.384578521743701e+00
-1.848000e+00 -5.204574540716148e+00 5.360691110574597e-02 -9.838299194052571e-01 -1.791052475028171e-01 1.379150281001905e+00
-1.849000e+00 -5.200800050194252e+00 5.356426714858803e-02 -9.837096374234280e-01 -1.797647052128638e-01 1.373790840924383e+00
-1.850000e+00 -5.197014763178741e+00 5.352129460240956e-02 -9.835888717121296e-01 -1.804243094598391e-01 1.368499264651652e+00
-1.851000e+00 -5.193218604855305e+00 5.347798998492340e-02 -9.834676299444005e-01 -1.810840160023618e-01 1.363274631667726e+00
-1.852000e+00 -5.189411499494001e+00 5.343434976260461e-02 -9.833459199756812e-01 -1.817437802709658e-01 1.358116037463278e+00
-1.853000e+00 -5.185593370433248e+00 5.339037034970565e-02 -9.832237498446212e-01 -1.824035573706876e-01 1.353022593207722e+00
-1.854000e+00 -5.181764140063394e+00 5.334604810724448e-02 -9.831011277738118e-01 -1.830633020838950e-01 1.347993425428627e+00
-1.855000e+00 -5.177923729809989e+00 5.330137934196945e-02 -9.829780621704315e-01 -1.837229688734192e-01 1.343027675696241e+00
-1.856000e+00 -5.174072060116620e+00 5.325636030529977e-02 -9.828545616268674e-01 -1.843825118856404e-01 1.338124500316893e+00
-1.857000e+00 -5.170209050427371e+00 5.321098719223829e-02 -9.827306349212401e-01 -1.850418849539103e-01 1.333283070031571e+00
-1.858000e+00 -5.166334619168881e+00 5.316525614025871e-02 -9.826062910178608e-01 -1.857010416021491e-01 1.328502569720921e+00
-1.859000e+00 -5.162448683731979e+00 5.311916322816588e-02 -9.824815390676394e-01 -1.863599350485041e-01 1.323782198117557e+00
-1.860000e+00 -5.158551160452854e+00 5.307270447492514e-02 -9.823563884083983e-01 -1.870185182093152e-01 1.319121167523228e+00
-1.861000e+00 -5.154641964593875e+00 5.302587583846620e-02 -9.822308485651240e-01 -1.876767437031997e-01 1.314518703532673e+00
-1.862000e+00 -5.150721010323860e+00 5.297867321445354e-02 -9.821049292501172e-01 -1.883345638554491e-01 1.309974044762521e+00
-1.863000e+00 -5.146788210697865e+00 5.293109243502829e-02 -9.819786403631149e-01 -1.889919307023671e-01 1.305486442587328e+00
-1.864000e+00 -5.142843477636645e+00 5.288312926751685e-02 -9.818519919912830e-01 -1.896487959960449e-01 1.301055160879468e+00
-1.865000e+00 -5.138886721905407e+00 5.283477941310669e-02 -9.817249944091219e-01 -1.903051112093675e-01 1.296679475754732e+00
-1.866000e+00 -5.134917853092240e+00 5.278603850548905e-02 -9.815976580783504e-01 -1.909608275408802e-01 1.292358675324654e+00
-1.867000e+00 -5.130936779585863e+00 5.273690210946577e-02 -9.814699936476134e-01 -1.916158959203376e-01 1.288092059451375e+00
-1.868000e+00 -5.126943408552942e+00 5.268736571952116e-02 -9.813420119521723e-01 -1.922702670140721e-01 1.283878939510091e+00
-1.869000e+00 -5.122937645914782e+00 5.263742475835475e-02 -9.812137240134653e-01 -1.929238912307832e-01 1.279718638154543e+00
-1.870000e+00 -5.118919396323486e+00 5.258707457537844e-02 -9.810851410385822e-01 -1.935767187274988e-01 1.275610489087892e+00
-1.871000e+00 -5.114888563137520e+00 5.253631044517132e-02 -9.809562744196380e-01 -1.942286994157762e-01 1.271553836838319e+00
-1.872000e+00 -5.110845048396588e+00 5.248512756589545e-02 -9.808271357330698e-01 -1.948797829680193e-01 1.267548036539104e+00
-1.873000e+00 -5.106788752796011e+00 5.243352105766948e-02 -9.806977367388111e-01 -1.955299188241366e-01 1.263592453713010e+00
-1.874000e+00 -5.102719575660318e+00 5.238148596089783e-02 -9.805680893793610e-01 -1.961790561984368e-01 1.259686464060642e+00
-1.875000e+00 -5.098637414916266e+00 5.232901723455530e-02 -9.804382057787631e-01 -1.968271440866829e-01 1.255829453253507e+00
-1.876000e+00 -5.094542167065151e+00 5.227610975442571e-02 -9.803080982414808e-01 -1.974741312733677e-01 1.252020816731250e+00
-1.877000e+00 -5.090433727154335e+00 5.222275831129294e-02 -9.801777792511480e-01 -1.981199663393061e-01 1.248259959502066e+00
-1.878000e+00 -5.086311988748129e+00 5.216895760908157e-02 -9.800472614692104e-01 -1.987645976694573e-01 1.244546295947723e+00
-1.879000e+00 -5.082176843897877e+00 5.211470226294696e-02 -9.799165577334821e-01 -1.994079734608506e-01 1.240879249632417e+00
-1.880000e+00 -5.078028183111239e+00 5.205998679731272e-02 -9.797856810565342e-01 -2.000500417310218e-01 1.237258253114535e+00
-1.881000e+00 -5.073865895320730e+00 5.200480564385337e-02 -9.796546446240292e-01 -2.006907503263841e-01 1.233682747763002e+00
-1.882000e+00 -5.069689867851282e+00 5.194915313942128e-02 -9.795234617928978e-01 -2.013300469310464e-01 1.230152183576554e+00
-1.883000e+00 -5.065499986387149e+00 5.189302352391424e-02 -9.793921460894166e-01 -2.019678790757747e-01 1.226666019007001e+00
-1.884000e+00 -5.061296134937767e+00 5.183641093808264e-02 -9.792607112070971e-01 -2.026041941475306e-01 1.223223720783978e+00
-1.885000e+00 -5.057078195802701e+00 5.177930942127699e-02 -9.791291710045835e-01 -2.032389393986229e-01 1.219824763746275e+00
-1.886000e+00 -5.052846049535736e+00 5.172171290912732e-02 -9.789975395033301e-01 -2.038720619565750e-01 1.216468630673908e+00
-1.887000e+00 -5.048599574907894e+00 5.166361523115791e-02 -9.788658308851269e-01 -2.045035088343723e-01 1.213154812123145e+00
-1.888000e+00 -5.044338648869489e+00 5.160501010833284e-02 -9.787340594896031e-01 -2.051332269404494e-01 1.209882806266484e+00
-1.889000e+00 -5.040063146511079e+00 5.154589115053027e-02 -9.786022398114754e-01 -2.057611630895481e-01 1.206652118733103e+00
-1.890000e+00 -5.035772941023417e+00 5.148625185394110e-02 -9.784703864978129e-01 -2.063872640131185e-01 1.203462262455346e+00
-1.891000e+00 -5.031467903656170e+00 5.142608559839334e-02 -9.783385143449962e-01 -2.070114763708181e-01 1.200312757514356e+00
-1.892000e+00 -5.027147903675581e+00 5.136538564459631e-02 -9.782066382957334e-01 -2.076337467613590e-01 1.197203130992251e+00
-1.893000e+00 -5.022812808320810e+00 5.130414513130068e-02 -9.780747734357433e-01 -2.082540217345615e-01 1.194132916823288e+00
-1.894000e+00 -5.018462482759201e+00 5.124235707237772e-02 -9.779429349904866e-01 -2.088722478027966e-01 1.191101655650990e+00
-1.895000e+00 -5.014096790040072e+00 5.118001435380468e-02 -9.778111383216317e-01 -2.094883714532978e-01 1.188108894685578e+00
-1.896000e+00 -5.009715591047306e+00 5.111710973056413e-02 -9.776793989234488e-01 -2.101023391604288e-01 1.185154187564980e+00
-1.897000e+00 -5.005318744450476e+00 5.105363582344457e-02 -9.775477324190663e-01 -2.107140973982080e-01 1.182237094218232e+00
-1.898000e+00 -5.000906106654617e+00 5.098958511574466e-02 -9.774161545565184e-01 -2.113235926534187e-01 1.179357180730441e+00
-1.899000e+00 -4.996477531748443e+00 5.092494994987399e-02 -9.772846812047727e-01 -2.119307714384245e-01 1.176514019211641e+00
-1.900000e+00 -4.992032871451067e+00 5.085972252384967e-02 -9.771533283495319e-01 -2.125355803046438e-01 1.173707187666715e+00
-1.901000e+00 -4.987571975057130e+00 5.079389488768161e-02 -9.770221120889035e-01 -2.131379658562450e-01 1.170936269867771e+00
-1.902000e+00 -4.983094689380257e+00 5.072745893964396e-02 -9.768910486289661e-01 -2.137378747639239e-01 1.168200855228984e+00
-1.903000e+00 -4.978600858694806e+00 5.066040642242867e-02 -9.767601542791916e-01 -2.143352537789569e-01 1.165500538684079e+00
-1.904000e+00 -4.974090324675822e+00 5.059272891917602e-02 -9.766294454477086e-01 -2.149300497475892e-01 1.162834920564596e+00
-1.905000e+00 -4.969562926337251e+00 5.052441784937575e-02 -9.764989386364445e-01 -2.155222096255915e-01 1.160203606481959e+00
-1.906000e+00 -4.965018499968046e+00 5.045546446463810e-02 -9.763686504361101e-01 -2.161116804931399e-01 1.157606207209593e+00
-1.907000e+00 -4.960456879066506e+00 5.038585984432443e-02 -9.762385975211073e-01 -2.166984095696629e-01 1.155042338569418e+00
-1.908000e+00 -4.955877894272337e+00 5.031559489103575e-02 -9.761087966442243e-01 -2.172823442292636e-01 1.152511621317942e+00
-1.909000e+00 -4.951281373296757e+00 5.024466032595160e-02 -9.759792646312315e-01 -2.178634320162070e-01 1.150013681035693e+00
-1.910000e+00 -4.946667140850285e+00 5.017304668401305e-02 -9.758500183754331e-01 -2.184416206602279e-01 1.147548148019301e+00
-1.911000e+00 -4.942035018568176e+00 5.010074430894592e-02 -9.757210748319018e-01 -2.190168580928833e-01 1.145114657172798e+00
-1.912000e+00 -4.937384824933545e+00 5.002774334811390e-02 -9.755924510117674e-01 -2.195890924632921e-01 1.142712847903500e+00
-1.913000e+00 -4.932716375197954e+00 4.995403374719772e-02 -9.754641639762690e-01 -2.201582721545537e-01 1.140342364018148e+00
-1.914000e+00 -4.928029481299316e+00 4.987960524469309e-02 -9.753362308307865e-01 -2.207243457999023e-01 1.138002853621900e+00
-1.915000e+00 -4.923323951777263e+00 4.980444736621641e-02 -9.752086687186090e-01 -2.212872622996597e-01 1.135693969017628e+00
-1.916000e+00 -4.918599591685525e+00 4.972854941861465e-02 -9.750814948147595e-01 -2.218469708375891e-01 1.133415366608846e+00
-1.917000e+00 -4.913856202501464e+00 4.965190048386868e-02 -9.749547263195796e-01 -2.224034208979565e-01 1.131166706802924e+00
-1.918000e+00 -4.909093582032578e+00 4.957448941278168e-02 -9.748283804522350e-01 -2.229565622825948e-01 1.128947653916318e+00
-1.919000e+00 -4.904311524319759e+00 4.949630481844293e-02 -9.747024744441789e-01 -2.235063451278169e-01 1.126757876082300e+00
-1.920000e+00 -4.899509819537225e+00 4.941733506945901e-02 -9.745770255324780e-01 -2.240527199216018e-01 1.124597045159776e+00
-1.921000e+00 -4.894688253889116e+00 4.933756828293975e-02 -9.744520509529376e-01 -2.245956375213316e-01 1.122464836642889e+00
-1.922000e+00 -4.889846609502361e+00 4.925699231722964e-02 -9.743275679333944e-01 -2.251350491704852e-01 1.120360929574743e+00
-1.923000e+00 -4.884984664315835e+00 4.917559476437563e-02 -9.742035936866824e-01 -2.256709065164437e-01 1.118285006460425e+00
-1.924000e+00 -4.880102191965622e+00 4.909336294231370e-02 -9.740801454036245e-01 -2.262031616278907e-01 1.116236753182732e+00
-1.925000e+00 -4.875198961666139e+00 4.901028388676704e-02 -9.739572402459657e-01 -2.267317670121728e-01 1.114215858919626e+00
-1.926000e+00 -4.870274738087035e+00 4.892634434284208e-02 -9.738348953392393e-01 -2.272566756326708e-01 1.112222016063443e+00
-1.927000e+00 -4.865329281225637e+00 4.884153075630408e-02 -9.737131277654993e-01 -2.277778409264791e-01 1.110254920140703e+00
-1.928000e+00 -4.860362346274617e+00 4.875582926452522e-02 -9.735919545561793e-01 -2.282952168212871e-01 1.108314269735707e+00
-1.929000e+00 -4.855373683484983e+00 4.866922568708137e-02 -9.734713926847490e-01 -2.288087577528778e-01 1.106399766413933e+00
-1.930000e+00 -4.850363038023835e+00 4.858170551598956e-02 -9.733514590593694e-01 -2.293184186824006e-01 1.104511114647491e+00
-1.931000e+00 -4.845330149826905e+00 4.849325390556029e-02 -9.732321705156429e-01 -2.298241551130136e-01 1.102648021743410e+00
-1.932000e+00 -4.840274753445320e+00 4.840385566185702e-02 -9.731135438092403e-01 -2.303259231068482e-01 1.100810197772685e+00
-1.933000e+00 -4.835196577886842e+00 4.831349523173323e-02 -9.729955956085399e-01 -2.308236793017187e-01 1.098997355500803e+00
-1.934000e+00 -4.830095346450772e+00 4.822215669143436e-02 -9.728783424873317e-01 -2.313173809273789e-01 1.097209210320997e+00
-1.935000e+00 -4.824970776556515e+00 4.812982373474042e-02 -9.727618009175869e-01 -2.318069858213359e-01 1.095445480189341e+00
-1.936000e+00 -4.819822579565498e+00 4.803647966062631e-02 -9.726459872620772e-01 -2.322924524451432e-01 1.093705885560004e+00
-1.937000e+00 -4.814650460596017e+00 4.794210736041684e-02 -9.725309177672433e-01 -2.327737398995070e-01 1.091990149324317e+00
-1.938000e+00 -4.809454118330738e+00 4.784668930441244e-02 -9.724166085561085e-01 -2.332508079390856e-01 1.090297996751336e+00
-1.939000e+00 -4.804233244816434e+00 4.775020752795541e-02 -9.723030756211507e-01 -2.337236169873528e-01 1.088629155429268e+00
-1.940000e+00 -4.798987525255725e+00 4.765264361691179e-02 -9.721903348173042e-01 -2.341921281508368e-01 1.086983355209226e+00
-1.941000e+00 -4.793716637790109e+00 4.755397869253775e-02 -9.720784018552895e-01 -2.346563032319106e-01 1.085360328152845e+00
-1.942000e+00 -4.788420253274246e+00 4.745419339569720e-02 -9.719672922947074e-01 -2.351161047425186e-01 1.083759808478693e+00
-1.943000e+00 -4.783098035040728e+00 4.735326787039712e-02 -9.718570215376191e-01 -2.355714959158424e-01 1.082181532513676e+00
-1.944000e+00 -4.777749638654947e+00 4.725118174660957e-02 -9.717476048220337e-01 -2.360224407183364e-01 1.080625238644432e+00
-1.945000e+00 -4.772374711659682e+00 4.714791412233224e-02 -9.716390572157546e-01 -2.364689038602739e-01 1.079090667272243e+00
-1.946000e+00 -4.766972893308558e+00 4.704344354485810e-02 -9.715313936104615e-01 -2.369108508053494e-01 1.077577560770628e+00
-1.947000e+00 -4.761543814288213e+00 4.693774799120199e-02 -9.714246287156921e-01 -2.373482477807234e-01 1.076085663441933e+00
-1.948000e+00 -4.756087096428065e+00 4.683080484764399e-02 -9.713187770535903e-01 -2.377810617839820e-01 1.074614721481352e+00
-1.949000e+00 -4.750602352397462e+00 4.672259088833703e-02 -9.712138529534942e-01 -2.382092605908274e-01 1.073164482938900e+00
-1.950000e+00 -4.745089185389338e+00 4.661308225293010e-02 -9.711098705469381e-01 -2.386328127611734e-01 1.071734697685309e+00
-1.951000e+00 -4.739547188789452e+00 4.650225442314694e-02 -9.710068437632868e-01 -2.390516876427770e-01 1.070325117382728e+00
-1.952000e+00 -4.733975945830849e+00 4.639008219826682e-02 -9.709047863250807e-01 -2.394658553761881e-01 1.068935495452840e+00
-1.953000e+00 -4.728375029232208e+00 4.627653966943471e-02 -9.708037117444336e-01 -2.398752868955672e-01 1.067565587053152e+00
-1.954000e+00 -4.722744000819563e+00 4.616160019274818e-02 -9.707036333193587e-01 -2.402799539299856e-01 1.066215149051684e+00
-1.955000e+00 -4.717082411130215e+00 4.604523636102955e-02 -9.706045641308561e-01 -2.406798290018318e-01 1.064883940007634e+00
-1.956000e+00 -4.711389798997869e+00 4.592741997422416e-02 -9.705065170401573e-01 -2.410748854248050e-01 1.063571720151852e+00
-1.957000e+00 -4.705665691117982e+00 4.580812200832959e-02 -9.704095046867490e-01 -2.414650972990059e-01 1.062278251372792e+00
-1.958000e+00 -4.699909601591839e+00 4.568731258277222e-02 -9.703135394868411e-01 -2.418504395044972e-01 1.061003297204231e+00
-1.959000e+00 -4.694121031448597e+00 4.556496092613517e-02 -9.702186336322051e-01 -2.422308876936571e-01 1.059746622815030e+00
-1.960000e+00 -4.688299468143472e+00 4.544103534013590e-02 -9.701247990899554e-01 -2.426064182800481e-01 1.058507995004100e+00
-1.961000e+00 -4.682444385030839e+00 4.531550316174343e-02 -9.700320476027325e-01 -2.429770084260034e-01 1.057287182196836e+00
-1.962000e+00 -4.676555240810647e+00 4.518833072331779e-02 -9.699403906897248e-01 -2.433426360271953e-01 1.056083954446076e+00
-1.963000e+00 -4.670631478946593e+00 4.505948331064379e-02 -9.698498396482252e-01 -2.437032796954357e-01 1.054898083434620e+00
-1.964000e+00 -4.664672527053977e+00 4.492892511872652e-02 -9.697604055561015e-01 -2.440589187382125e-01 1.053729342482322e+00
-1.965000e+00 -4.658677796255513e+00 4.479661920519734e-02 -9.696720992751153e-01 -2.444095331352500e-01 1.052577506557083e+00
-1.966000e+00 -4.652646680503203e+00 4.466252744117616e-02 -9.695849314549898e-01 -2.447551035125164e-01 1.051442352288038e+00
-1.967000e+00 -4.646578555863362e+00 4.452661045941643e-02 -9.694989125383838e-01 -2.450956111130741e-01 1.050323657982685e+00
-1.968000e+00 -4.640472779763220e+00 4.438882759955114e-02 -9.694140527669622e-01 -2.454310377640396e-01 1.049221203648316e+00
-1.969000e+00 -4.634328690195835e+00 4.424913685024013e-02 -9.693303621883967e-01 -2.457613658403444e-01 1.048134771016714e+00
-1.970000e+00 -4.628145604880797e+00 4.410749478800145e-02 -9.692478506644168e-01 -2.460865782248363e-01 1.047064143572213e+00
-1.971000e+00 -4.621922820377609e+00 4.396385651249706e-02 -9.691665278799464e-01 -2.464066582646036e-01 1.046009106583449e+00
-1.972000e+00 -4.615659611148375e+00 4.381817557801714e-02 -9.690864033537039e-01 -2.467215897220638e-01 1.044969447140676e+00
-1.973000e+00 -4.609355228566272e+00 4.367040392089160e-02 -9.690074864498371e-01 -2.470313567225193e-01 1.043944954195320e+00
-1.974000e+00 -4.603008899865968e+00 4.352049178252890e-02 -9.689297863906584e-01 -2.473359436979449e-01 1.042935418602367e+00
-1.975000e+00 -4.596619827031531e+00 4.336838762776081e-02 -9.688533122715349e-01 -2.476353353228810e-01 1.041940633171221e+00
-1.976000e+00 -4.590187185617496e+00 4.321403805813796e-02 -9.687780730765239e-01 -2.479295164479965e-01 1.040960392716057e+00
-1.977000e+00 -4.583710123497971e+00 4.305738771979607e-02 -9.687040776958741e-01 -2.482184720269343e-01 1.039994494112196e+00
-1.978000e+00 -4.577187759538276e+00 4.289837920547197e-02 -9.686313349452486e-01 -2.485021870370272e-01 1.039042736357128e+00
-1.979000e+00 -4.570619182183295e+00 4.273695295021442e-02 -9.685598535866203e-01 -2.487806463940966e-01 1.038104920634818e+00
-1.980000e+00 -4.564003447955947e+00 4.257304712028798e-02 -9.684896423512313e-01 -2.490538348598232e-01 1.037180850386111e+00
-1.981000e+00 -4.557339579858674e+00 4.240659749472507e-02 -9.684207099640655e-01 -2.493217369438441e-01 1.036270331380170e+00
-1.982000e+00 -4.550626565670278e+00 4.223753733892770e-02 -9.683530651706947e-01 -2.495843367972443e-01 1.035373171792442e+00
-1.983000e+00 -4.543863356129417e+00 4.206579726965751e-02 -9.682867167669806e-01 -2.498416180955867e-01 1.034489182290361e+00
-1.984000e+00 -4.537048862995631e+00 4.189130511069759e-02 -9.682216736294865e-01 -2.500935639198177e-01 1.033618176114285e+00
-1.985000e+00 -4.530181956977265e+00 4.171398573838585e-02 -9.681579447504866e-01 -2.503401566199756e-01 1.032759969174551e+00
-1.986000e+00 -4.523261465515390e+00 4.153376091614681e-02 -9.680955392738508e-01 -2.505813776761394e-01 1.031914380143215e+00
-1.987000e+00 -4.516286170410832e+00 4.135054911705455e-02 -9.680344665349537e-01 -2.508172075444339e-01 1.031081230556886e+00
-1.988000e+00 -4.509254805280877e+00 4.116426533336028e-02 -9.679747361031006e-01 -2.510476254939144e-01 1.030260344921012e+00
-1.989000e+00 -4.502166052830180e+00 4.097482087179875e-02 -9.679163578273052e-01 -2.512726094311197e-01 1.029451550819787e+00
-1.990000e+00 -4.495018541919048e+00 4.078212313336663e-02 -9.678593418859972e-01 -2.514921357100545e-01 1.028654679032476e+00
-1.991000e+00 -4.487810844410426e+00 4.058607537611562e-02 -9.678036988394776e-01 -2.517061789321544e-01 1.027869563649943e+00
-1.992000e+00 -4.480541471774859e+00 4.038657645934545e-02 -9.677494396877900e-01 -2.519147117259498e-01 1.027096042202579e+00
-1.993000e+00 -4.473208871430018e+00 4.018352056738531e-02 -9.676965759319435e-01 -2.521177045143643e-01 1.026333955788377e+00
-1.994000e+00 -4.465811422789194e+00 3.997679691096059e-02 -9.676451196404043e-01 -2.523151252622551e-01 1.025583149208471e+00
-1.995000e+00 -4.458347432989953e+00 3.976628940388792e-02 -9.675950835203628e-01 -2.525069392060783e-01 1.024843471106528e+00
-1.996000e+00 -4.450815132270380e+00 3.955187631257810e-02 -9.675464809950723e-01 -2.526931085606652e-01 1.024114774115402e+00
-1.997000e+00 -4.443212668956977e+00 3.933342987551394e-02 -9.674993262869083e-01 -2.528735922044423e-01 1.023396915008038e+00
-1.998000e+00 -4.435538104023365e+00 3.911081588952037e-02 -9.674536345072789e-01 -2.530483453387047e-01 1.022689754854995e+00
-1.999000e+00 -4.427789405173974e+00 3.888389325923315e-02 -9.674094217535616e-01 -2.532173191202361e-01 1.021993159186308e+00
-2.000000e+00 -4.419964440401063e+00 3.865251350570437e-02 -9.673667052147705e-01 -2.533804602606904e-01 1.021306998163630e+00
-2.001000e+00 -4.412060970956096e+00 3.841652022955561e-02 -9.673255032848014e-01 -2.535377105970742e-01 1.020631146752800e+00
-2.002000e+00 -4.404076643669752e+00 3.817574852345375e-02 -9.672858356867164e-01 -2.536890066200160e-01 1.019965484909367e+00
-2.003000e+00 -4.396008982544310e+00 3.793002432797127e-02 -9.672477236077047e-01 -2.538342789611230e-01 1.019309897770829e+00
-2.004000e+00 -4.387855379532776e+00 3.767916372405430e-02 -9.672111898442936e-01 -2.539734518409079e-01 1.018664275849213e+00
-2.005000e+00 -4.379613084406111e+00 3.742297215434122e-02 -9.671762589637486e-01 -2.541064424545114e-01 1.018028515244141e+00
-2.006000e+00 -4.371279193595785e+00 3.716124356443452e-02 -9.671429574779273e-01 -2.542331603092877e-01 1.017402517854457e+00
-2.007000e+00 -4.362850637881939e+00 3.689375945388138e-02 -9.671113140353437e-01 -2.543535064921081e-01 1.016786191605785e+00
-2.008000e+00 -4.354324168777326e+00 3.662028782504249e-02 -9.670813596320734e-01 -2.544673728637529e-01 1.016179450688553e+00
-2.009000e+00 -4.345696343434398e+00 3.634058201615629e-02 -9.670531278423042e-01 -2.545746411770345e-01 1.015582215801386e+00
-2.010000e+00 -4.336963507873933e+00 3.605437940268560e-02 -9.670266550753606e-01 -2.546751820923263e-01 1.014994414416810e+00
-2.011000e+00 -4.328121778301721e+00 3.576139994839955e-02 -9.670019808588126e-01 -2.547688540915716e-01 1.014415981055943e+00
-2.012000e+00 -4.319167020238922e+00 3.546134458446514e-02 -9.669791481519363e-01 -2.548555022740447e-01 1.013846857576346e+00
-2.013000e+00 -4.310094825145381e+00 3.515389339104217e-02 -9.669582036974781e-01 -2.549349570030489e-01 1.013286993486205e+00
-2.014000e+00 -4.300900484156576e+00 3.483870355127311e-02 -9.669391984118171e-01 -2.550070324024668e-01 1.012736346269535e+00
-2.015000e+00 -4.291578958486370e+00 3.451540704200688e-02 -9.669221878234717e-01 -2.550715246644967e-01 1.012194881736812e+00
-2.016000e+00 -4.282124845961842e+00 3.418360801879564e-02 -9.669072325676064e-01 -2.551282101384571e-01 1.011662574404908e+00
-2.017000e+00 -4.272532343054120e+00 3.384287984441201e-02 -9.668943989429343e-01 -2.551768431750455e-01 1.011139407900745e+00
-2.018000e+00 -4.262795201639536e+00 3.349276169985371e-02 -9.668837595439008e-01 -2.552171536755558e-01 1.010625375400173e+00
-2.019000e+00 -4.252906679568679e+00 3.313275470411837e-02 -9.668753939799146e-01 -2.552488442994109e-01 1.010120480102210e+00
-2.020000e+00 -4.242859483921635e+00 3.276231745313084e-02 -9.668693896998836e-01 -2.552715872583055e-01 1.009624735753064e+00
-2.021000e+00 -4.232645705581296e+00 3.238086086830504e-02 -9.668658429373206e-01 -2.552850206359641e-01 1.009138167212656e+00
-2.022000e+00 -4.222256743441307e+00 3.198774221994986e-02 -9.668648598034099e-01 -2.552887441258085e-01 1.008660811084611e+00
-2.023000e+00 -4.211683216166629e+00 3.158225815858003e-02 -9.668665575553990e-01 -2.552823140779095e-01 1.008192716411815e+00
-2.024000e+00 -4.200914858910278e+00 3.116363654579623e-02 -9.668710660792399e-01 -2.552652377014819e-01 1.007733945457454e+00
-2.025000e+00 -4.189940401724622e+00 3.073102682274842e-02 -9.668785296305178e-01 -2.552369662480886e-01 1.007284574577812e+00
-2.026000e+00 -4.178747425535867e+00 3.028348858395534e-02 -9.668891088867193e-01 -2.551968869642532e-01 1.006844695193293e+00
-2.027000e+00 -4.167322190395961e+00 2.981997793126784e-02 -9.669029834038125e-01 -2.551443134479123e-01 1.006414414925873e+00
-2.028000e+00 -4.155649429195908e+00 2.933933105868796e-02 -9.669203545527789e-01 -2.550784741045946e-01 1.005993858875032e+00
-2.029000e+00 -4.143712097940859e+00 2.884024435060106e-02 -9.669414490671637e-01 -2.549984981836042e-01 1.005583171082756e+00
-2.030000e+00 -4.131491070847331e+00 2.832125004586098e-02 -9.669665233816980e-01 -2.549033986809749e-01 1.005182516263052e+00
-2.031000e+00 -4.118964764574355e+00 2.778068620034120e-02 -9.669958689633581e-01 -2.547920513041958e-01 1.004792081801373e+00
-2.032000e+00 -4.106108670338087e+00 2.721665922950642e-02 -9.670298189486818e-01 -2.546631682518689e-01 1.004412080128793e+00
-2.033000e+00 -4.092894764685993e+00 2.662699666559341e-02 -9.670687565026946e-01 -2.545152651538448e-01 1.004042751564190e+00
-2.034000e+00 -4.079290758071185e+00 2.600918681890153e-02 -9.671131254611498e-01 -2.543466189292997e-01 1.003684367716651e+00
-2.035000e+00 -4.065259123027761e+00 2.536030062339821e-02 -9.671634441026306e-01 -2.541552131897707e-01 1.003337235661431e+00
-2.036000e+00 -4.050755817322622e+00 2.467688879711749e-02 -9.672203232272596e-01 -2.539386664849515e-01 1.003001703077829e+00
-2.037000e+00 -4.035728576131092e+00 2.395484408316292e-02 -9.672844903423737e-01 -2.536941362016359e-01 1.002678164703492e+00
-2.038000e+00 -4.020114580751847e+00 2.318921291601642e-02 -9.673568226622232e-01 -2.534181872890105e-01 1.002367070533304e+00
-2.039000e+00 -4.003837200649779e+00 2.237393182842514e-02 -9.674383932290892e-01 -2.531066085789113e-01 1.002068936465404e+00
-2.040000e+00 -3.986801314152453e+00 2.150144828787259e-02 -9.675305371511274e-01 -2.527541486900878e-01 1.001784358398253e+00
