0.95387536e-3 6 1 0.0
-2.040000e+00 -3.986801314152453e+00 -2.150144828787259e-02 -9.675305371529632e-01 2.527541486830600e-01 9.982188198631567e-01
-2.039000e+00 -4.003837200649779e+00 -2.237393182842514e-02 -9.674383932305870e-01 2.531066085731861e-01 9.979353351928183e-01
-2.038000e+00 -4.020114580751847e+00 -2.318921291601642e-02 -9.673568226621483e-01 2.534181872892965e-01 9.976385192582493e-01
-2.037000e+00 -4.035728576131092e+00 -2.395484408316292e-02 -9.672844903433152e-01 2.536941361980466e-01 9.973289887031976e-01
-2.036000e+00 -4.050755817322622e+00 -2.467688879711749e-02 -9.672203232271896e-01 2.539386664852178e-01 9.970072801785218e-01
-2.035000e+00 -4.065259123027761e+00 -2.536030062339821e-02 -9.671634441023756e-01 2.541552131907409e-01 9.966738644371698e-01
-2.034000e+00 -4.079290758071185e+00 -2.600918681890153e-02 -9.671131254620471e-01 2.543466189258878e-01 9.963291570170278e-01
-2.033000e+00 -4.092894764685993e+00 -2.662699666559341e-02 -9.670687565029463e-01 2.545152651528883e-01 9.959735264674354e-01
-2.032000e+00 -4.106108670338087e+00 -2.721665922950642e-02 -9.670298189494791e-01 2.546631682488410e-01 9.956073008103645e-01
-2.031000e+00 -4.118964764574355e+00 -2.778068620034120e-02 -9.669958689632234e-01 2.547920513047068e-01 9.952307727260618e-01
-2.030000e+00 -4.131491070847331e+00 -2.832125004586098e-02 -9.669665233818346e-01 2.549033986804568e-01 9.948442037345949e-01
-2.029000e+00 -4.143712097940859e+00 -2.884024435060106e-02 -9.669414490679531e-01 2.549984981806110e-01 9.944478276435137e-01
-2.028000e+00 -4.155649429195908e+00 -2.933933105868796e-02 -9.669203545531116e-01 2.550784741033332e-01 9.940418534139164e-01
-2.027000e+00 -4.167322190395961e+00 -2.981997793126784e-02 -9.669029834042271e-01 2.551443134463416e-01 9.936264675547212e-01
-2.026000e+00 -4.178747425535867e+00 -3.028348858395534e-02 -9.668891088871103e-01 2.551968869627716e-01 9.932018361649707e-01
-2.025000e+00 -4.189940401724622e+00 -3.073102682274842e-02 -9.668785296309216e-01 2.552369662465592e-01 9.927681066872442e-01
-2.024000e+00 -4.200914858910278e+00 -3.116363654579623e-02 -9.668710660795916e-01 2.552652377001499e-01 9.923254094066616e-01
-2.023000e+00 -4.211683216166629e+00 -3.158225815858003e-02 -9.668665575556331e-01 2.552823140770226e-01 9.918738587582202e-01
-2.022000e+00 -4.222256743441307e+00 -3.198774221994986e-02 -9.668648598036326e-01 2.552887441249653e-01 9.914135544971546e-01
-2.021000e+00 -4.232645705581296e+00 -3.238086086830504e-02 -9.668658429374907e-01 2.552850206353198e-01 9.909445827042221e-01
-2.020000e+00 -4.242859483921635e+00 -3.276231745313084e-02 -9.668693897001988e-01 2.552715872571116e-01 9.904670166912386e-01
-2.019000e+00 -4.252906679568679e+00 -3.313275470411837e-02 -9.668753939801562e-01 2.552488442984957e-01 9.899809178188600e-01
-2.018000e+00 -4.262795201639536e+00 -3.349276169985371e-02 -9.668837595440702e-01 2.552171536749136e-01 9.894863362237066e-01
-2.017000e+00 -4.272532343054120e+00 -3.384287984441201e-02 -9.668943989430620e-01 2.551768431745621e-01 9.889833114858440e-01
-2.016000e+00 -4.282124845961842e+00 -3.418360801879564e-02 -9.669072325678176e-01 2.551282101376564e-01 9.884718732305515e-01
-2.015000e+00 -4.291578958486370e+00 -3.451540704200688e-02 -9.669221878236625e-01 2.550715246637734e-01 9.879520416892613e-01
-2.014000e+00 -4.300900484156576e+00 -3.483870355127311e-02 -9.669391984120360e-01 2.550070324016362e-01 9.874238282083060e-01
-2.013000e+00 -4.310094825145381e+00 -3.515389339104217e-02 -9.669582036976787e-01 2.549349570022880e-01 9.868872357265218e-01
-2.012000e+00 -4.319167020238922e+00 -3.546134458446514e-02 -9.669791481522494e-01 2.548555022728568e-01 9.863422592139698e-01
-2.011000e+00 -4.328121778301721e+00 -3.576139994839955e-02 -9.670019808589563e-01 2.547688540910266e-01 9.857888860923292e-01
-2.010000e+00 -4.336963507873933e+00 -3.605437940268560e-02 -9.670266550756252e-01 2.546751820913216e-01 9.852270966176353e-01
-2.009000e+00 -4.345696343434398e+00 -3.634058201615629e-02 -9.670531278424814e-01 2.545746411763616e-01 9.846568642502024e-01
-2.008000e+00 -4.354324168777326e+00 -3.662028782504249e-02 -9.670813596322443e-01 2.544673728631035e-01 9.840781560005737e-01
-2.007000e+00 -4.362850637881939e+00 -3.689375945388138e-02 -9.671113140357139e-01 2.543535064907003e-01 9.834909327586395e-01
-2.006000e+00 -4.371279193595785e+00 -3.716124356443452e-02 -9.671429574781052e-01 2.542331603086110e-01 9.828951496090828e-01
-2.005000e+00 -4.379613084406111e+00 -3.742297215434122e-02 -9.671762589639105e-01 2.541064424538951e-01 9.822907561282522e-01
-2.004000e+00 -4.387855379532776e+00 -3.767916372405430e-02 -9.672111898445099e-01 2.539734518400840e-01 9.816776966733222e-01
-2.003000e+00 -4.396008982544310e+00 -3.793002432797127e-02 -9.672477236078973e-01 2.538342789603889e-01 9.810559106568650e-01
-2.002000e+00 -4.404076643669752e+00 -3.817574852345375e-02 -9.672858356868461e-01 2.536890066195218e-01 9.804253328123229e-01
-2.001000e+00 -4.412060970956096e+00 -3.841652022955561e-02 -9.673255032849331e-01 2.535377105965715e-01 9.797858934453653e-01
-2.000000e+00 -4.419964440401063e+00 -3.865251350570437e-02 -9.673667052149083e-01 2.533804602601644e-01 9.791375186867112e-01
-1.999000e+00 -4.427789405173974e+00 -3.888389325923315e-02 -9.674094217538052e-01 2.532173191193056e-01 9.784801307231960e-01
-1.998000e+00 -4.435538104023365e+00 -3.911081588952037e-02 -9.674536345074367e-01 2.530483453381014e-01 9.778136480314898e-01
-1.997000e+00 -4.443212668956977e+00 -3.933342987551394e-02 -9.674993262870792e-01 2.528735922037884e-01 9.771379855989111e-01
-1.996000e+00 -4.450815132270380e+00 -3.955187631257810e-02 -9.675464809952063e-01 2.526931085601522e-01 9.764530551402685e-01
-1.995000e+00 -4.458347432989953e+00 -3.976628940388792e-02 -9.675950835205075e-01 2.525069392055238e-01 9.757587653063631e-01
-1.994000e+00 -4.465811422789194e+00 -3.997679691096059e-02 -9.676451196405399e-01 2.523151252617354e-01 9.750550218877728e-01
-1.993000e+00 -4.473208871430018e+00 -4.018352056738531e-02 -9.676965759320478e-01 2.521177045139638e-01 9.743417280111637e-01
-1.992000e+00 -4.480541471774859e+00 -4.038657645934545e-02 -9.677494396879657e-01 2.519147117252753e-01 9.736187843296126e-01
-1.991000e+00 -4.487810844410426e+00 -4.058607537611562e-02 -9.678036988396906e-01 2.517061789313353e-01 9.728860892114225e-01
-1.990000e+00 -4.495018541919048e+00 -4.078212313336663e-02 -9.678593418861625e-01 2.514921357094182e-01 9.721435389178715e-01
-1.989000e+00 -4.502166052830180e+00 -4.097482087179875e-02 -9.679163578274831e-01 2.512726094304348e-01 9.713910277784893e-01
-1.988000e+00 -4.509254805280877e+00 -4.116426533336028e-02 -9.679747361031770e-01 2.510476254936200e-01 9.706284483618726e-01
-1.987000e+00 -4.516286170410832e+00 -4.135054911705455e-02 -9.680344665350671e-01 2.508172075439964e-01 9.698556916405069e-01
-1.986000e+00 -4.523261465515390e+00 -4.153376091614681e-02 -9.680955392739722e-01 2.505813776756705e-01 9.690726471516602e-01
-1.985000e+00 -4.530181956977265e+00 -4.171398573838585e-02 -9.681579447506994e-01 2.503401566191525e-01 9.682792031511863e-01
-1.984000e+00 -4.537048862995631e+00 -4.189130511069759e-02 -9.682216736296287e-01 2.500935639192675e-01 9.674752467670856e-01
-1.983000e+00 -4.543863356129417e+00 -4.206579726965751e-02 -9.682867167671141e-01 2.498416180950695e-01 9.666606641406520e-01
-1.982000e+00 -4.550626565670278e+00 -4.223753733892770e-02 -9.683530651708933e-01 2.495843367964738e-01 9.658353405734611e-01
-1.981000e+00 -4.557339579858674e+00 -4.240659749472507e-02 -9.684207099641523e-01 2.493217369435068e-01 9.649991606606372e-01
-1.980000e+00 -4.564003447955947e+00 -4.257304712028798e-02 -9.684896423514249e-01 2.490538348590706e-01 9.641520084241014e-01
-1.979000e+00 -4.570619182183295e+00 -4.273695295021442e-02 -9.685598535867539e-01 2.487806463935768e-01 9.632937674426757e-01
-1.978000e+00 -4.577187759538276e+00 -4.289837920547197e-02 -9.686313349453352e-01 2.485021870366898e-01 9.624243209719653e-01
-1.977000e+00 -4.583710123497971e+00 -4.305738771979607e-02 -9.687040776959369e-01 2.482184720266893e-01 9.615435520676907e-01
-1.976000e+00 -4.590187185617496e+00 -4.321403805813796e-02 -9.687780730766412e-01 2.479295164475378e-01 9.606513436981055e-01
-1.975000e+00 -4.596619827031531e+00 -4.336838762776081e-02 -9.688533122716066e-01 2.476353353226000e-01 9.597475788576150e-01
-1.974000e+00 -4.603008899865968e+00 -4.352049178252890e-02 -9.689297863907532e-01 2.473359436975736e-01 9.588321406702016e-01
-1.973000e+00 -4.609355228566272e+00 -4.367040392089160e-02 -9.690074864499055e-01 2.470313567222513e-01 9.579049124963113e-01
-1.972000e+00 -4.615659611148375e+00 -4.381817557801714e-02 -9.690864033538458e-01 2.467215897215065e-01 9.569657780285091e-01
-1.971000e+00 -4.621922820377609e+00 -4.396385651249706e-02 -9.691665278800206e-01 2.464066582643119e-01 9.560146213885741e-01
-1.970000e+00 -4.628145604880797e+00 -4.410749478800145e-02 -9.692478506645683e-01 2.460865782242392e-01 9.550513272159670e-01
-1.969000e+00 -4.634328690195835e+00 -4.424913685024013e-02 -9.693303621885163e-01 2.457613658398728e-01 9.540757807596288e-01
-1.968000e+00 -4.640472779763220e+00 -4.438882759955114e-02 -9.694140527670588e-01 2.454310377636579e-01 9.530878679558368e-01
-1.967000e+00 -4.646578555863362e+00 -4.452661045941643e-02 -9.694989125384401e-01 2.450956111128512e-01 9.520874755122084e-01
-1.966000e+00 -4.652646680503203e+00 -4.466252744117616e-02 -9.695849314551196e-01 2.447551035120023e-01 9.510744909817520e-01
-1.965000e+00 -4.658677796255513e+00 -4.479661920519734e-02 -9.696720992752569e-01 2.444095331346884e-01 9.500488028381510e-01
-1.964000e+00 -4.664672527053977e+00 -4.492892511872652e-02 -9.697604055562172e-01 2.440589187377530e-01 9.490103005420049e-01
-1.963000e+00 -4.670631478946593e+00 -4.505948331064379e-02 -9.698498396483263e-01 2.437032796950336e-01 9.479588746083325e-01
-1.962000e+00 -4.676555240810647e+00 -4.518833072331779e-02 -9.699403906898523e-01 2.433426360266873e-01 9.468944166692371e-01
-1.961000e+00 -4.682444385030839e+00 -4.531550316174343e-02 -9.700320476029018e-01 2.429770084253271e-01 9.458168195332296e-01
-1.960000e+00 -4.688299468143472e+00 -4.544103534013590e-02 -9.701247990900318e-01 2.426064182797427e-01 9.447259772425728e-01
-1.959000e+00 -4.694121031448597e+00 -4.556496092613517e-02 -9.702186336323315e-01 2.422308876931505e-01 9.436217851231586e-01
-1.958000e+00 -4.699909601591839e+00 -4.568731258277222e-02 -9.703135394869085e-01 2.418504395042269e-01 9.425041398404451e-01
-1.957000e+00 -4.705665691117982e+00 -4.580812200832959e-02 -9.704095046868754e-01 2.414650972984982e-01 9.413729394408972e-01
-1.956000e+00 -4.711389798997869e+00 -4.592741997422416e-02 -9.705065170402956e-01 2.410748854242484e-01 9.402280834018835e-01
-1.955000e+00 -4.717082411130215e+00 -4.604523636102955e-02 -9.706045641309524e-01 2.406798290014431e-01 9.390694726713387e-01
-1.954000e+00 -4.722744000819563e+00 -4.616160019274818e-02 -9.707036333194713e-01 2.402799539295307e-01 9.378970097061945e-01
-1.953000e+00 -4.728375029232208e+00 -4.627653966943471e-02 -9.708037117445049e-01 2.398752868952787e-01 9.367105985119386e-01
-1.952000e+00 -4.733975945830849e+00 -4.639008219826682e-02 -9.709047863251666e-01 2.394658553758395e-01 9.355101446748574e-01
-1.951000e+00 -4.739547188789452e+00 -4.650225442314694e-02 -9.710068437633971e-01 2.390516876423295e-01 9.342955553956633e-01
-1.950000e+00 -4.745089185389338e+00 -4.661308225293010e-02 -9.711098705470762e-01 2.386328127606112e-01 9.330667395191899e-01
-1.949000e+00 -4.750602352397462e+00 -4.672259088833703e-02 -9.712138529535742e-01 2.382092605905010e-01 9.318236075617111e-01
-1.948000e+00 -4.756087096428065e+00 -4.683080484764399e-02 -9.713187770536919e-01 2.377810617835668e-01 9.305660717364180e-01
-1.947000e+00 -4.761543814288213e+00 -4.693774799120199e-02 -9.714246287157694e-01 2.373482477804071e-01 9.292940459783050e-01
-1.946000e+00 -4.766972893308558e+00 -4.704344354485810e-02 -9.715313936105414e-01 2.369108508050217e-01 9.280074459642926e-01
-1.945000e+00 -4.772374711659682e+00 -4.714791412233224e-02 -9.716390572158435e-01 2.364689038599085e-01 9.267061891350862e-01
-1.944000e+00 -4.777749638654947e+00 -4.725118174660957e-02 -9.717476048221182e-01 2.360224407179887e-01 9.253901947113155e-01
-1.943000e+00 -4.783098035040728e+00 -4.735326787039712e-02 -9.718570215377129e-01 2.355714959154556e-01 9.240593837119465e-01
-1.942000e+00 -4.788420253274246e+00 -4.745419339569720e-02 -9.719672922947917e-01 2.351161047421699e-01 9.227136789680702e-01
-1.941000e+00 -4.793716637790109e+00 -4.755397869253775e-02 -9.720784018553636e-01 2.346563032316033e-01 9.213530051361412e-01
-1.940000e+00 -4.798987525255725e+00 -4.765264361691179e-02 -9.721903348173893e-01 2.341921281504835e-01 9.199772887107484e-01
-1.939000e+00 -4.804233244816434e+00 -4.775020752795541e-02 -9.723030756212376e-01 2.337236169869914e-01 9.185864580346806e-01
-1.938000e+00 -4.809454118330738e+00 -4.784668930441244e-02 -9.724166085562213e-01 2.332508079386151e-01 9.171804433085773e-01
-1.937000e+00 -4.814650460596017e+00 -4.794210736041684e-02 -9.725309177673502e-01 2.327737398990603e-01 9.157591765984645e-01
-1.936000e+00 -4.819822579565498e+00 -4.803647966062631e-02 -9.726459872621566e-01 2.322924524448108e-01 9.143225918429466e-01
-1.935000e+00 -4.824970776556515e+00 -4.812982373474042e-02 -9.727618009176647e-01 2.318069858210093e-01 9.128706248587451e-01
-1.934000e+00 -4.830095346450772e+00 -4.822215669143436e-02 -9.728783424874197e-01 2.313173809270090e-01 9.114032133456734e-01
-1.933000e+00 -4.835196577886842e+00 -4.831349523173323e-02 -9.729955956086362e-01 2.308236793013128e-01 9.099202968902772e-01
-1.932000e+00 -4.840274753445320e+00 -4.840385566185702e-02 -9.731135438093095e-01 2.303259231065557e-01 9.084218169694558e-01
-1.931000e+00 -4.845330149826905e+00 -4.849325390556029e-02 -9.732321705157050e-01 2.298241551127506e-01 9.069077169504297e-01
-1.930000e+00 -4.850363038023835e+00 -4.858170551598956e-02 -9.733514590594569e-01 2.293184186820292e-01 9.053779420935448e-01
-1.929000e+00 -4.855373683484983e+00 -4.866922568708137e-02 -9.734713926848430e-01 2.288087577524785e-01 9.038324395531261e-01
-1.928000e+00 -4.860362346274617e+00 -4.875582926452522e-02 -9.735919545562681e-01 2.282952168209084e-01 9.022711583758700e-01
-1.927000e+00 -4.865329281225637e+00 -4.884153075630408e-02 -9.737131277655959e-01 2.277778409260660e-01 9.006940495000146e-01
-1.926000e+00 -4.870274738087035e+00 -4.892634434284208e-02 -9.738348953393180e-01 2.272566756323334e-01 8.991010657551707e-01
-1.925000e+00 -4.875198961666139e+00 -4.901028388676704e-02 -9.739572402460522e-01 2.267317670118013e-01 8.974921618586066e-01
-1.924000e+00 -4.880102191965622e+00 -4.909336294231370e-02 -9.740801454037082e-01 2.262031616275305e-01 8.958672944137154e-01
-1.923000e+00 -4.884984664315835e+00 -4.917559476437563e-02 -9.742035936867587e-01 2.256709065161141e-01 8.942264219067203e-01
-1.922000e+00 -4.889846609502361e+00 -4.925699231722964e-02 -9.743275679334752e-01 2.251350491701353e-01 8.925695047028810e-01
-1.921000e+00 -4.894688253889116e+00 -4.933756828293975e-02 -9.744520509530081e-01 2.245956375210260e-01 8.908965050432253e-01
-1.920000e+00 -4.899509819537225e+00 -4.941733506945901e-02 -9.745770255325383e-01 2.240527199213392e-01 8.892073870397543e-01
-1.919000e+00 -4.904311524319759e+00 -4.949630481844293e-02 -9.747024744442618e-01 2.235063451274553e-01 8.875021166711603e-01
-1.918000e+00 -4.909093582032578e+00 -4.957448941278168e-02 -9.748283804522961e-01 2.229565622823273e-01 8.857806617783824e-01
-1.917000e+00 -4.913856202501464e+00 -4.965190048386868e-02 -9.749547263196336e-01 2.224034208977195e-01 8.840429920586629e-01
-1.916000e+00 -4.918599591685525e+00 -4.972854941861465e-02 -9.750814948148256e-01 2.218469708372985e-01 8.822890790611506e-01
-1.915000e+00 -4.923323951777263e+00 -4.980444736621641e-02 -9.752086687186637e-01 2.212872622994186e-01 8.805188961813161e-01
-1.914000e+00 -4.928029481299316e+00 -4.987960524469309e-02 -9.753362308308580e-01 2.207243457995861e-01 8.787324186545612e-01
-1.913000e+00 -4.932716375197954e+00 -4.995403374719772e-02 -9.754641639763455e-01 2.201582721542150e-01 8.769296235520785e-01
-1.912000e+00 -4.937384824933545e+00 -5.002774334811390e-02 -9.755924510118367e-01 2.195890924629845e-01 8.751104897732183e-01
-1.911000e+00 -4.942035018568176e+00 -5.010074430894592e-02 -9.757210748319531e-01 2.190168580926549e-01 8.732749980409121e-01
-1.910000e+00 -4.946667140850285e+00 -5.017304668401305e-02 -9.758500183754943e-01 2.184416206599541e-01 8.714231308944100e-01
-1.909000e+00 -4.951281373296757e+00 -5.024466032595160e-02 -9.759792646312927e-01 2.178634320159333e-01 8.695548726850336e-01
-1.908000e+00 -4.955877894272337e+00 -5.031559489103575e-02 -9.761087966442851e-01 2.172823442289911e-01 8.676702095684933e-01
-1.907000e+00 -4.960456879066506e+00 -5.038585984432443e-02 -9.762385975211872e-01 2.166984095693027e-01 8.657691294999421e-01
-1.906000e+00 -4.965018499968046e+00 -5.045546446463810e-02 -9.763686504361818e-01 2.161116804928161e-01 8.638516222277125e-01
-1.905000e+00 -4.969562926337251e+00 -5.052441784937575e-02 -9.764989386365039e-01 2.155222096253220e-01 8.619176792867569e-01
-1.904000e+00 -4.974090324675822e+00 -5.059272891917602e-02 -9.766294454477679e-01 2.149300497473200e-01 8.599672939934365e-01
-1.903000e+00 -4.978600858694806e+00 -5.066040642242867e-02 -9.767601542792381e-01 2.143352537787449e-01 8.580004614397522e-01
-1.902000e+00 -4.983094689380257e+00 -5.072745893964396e-02 -9.768910486290150e-01 2.137378747637008e-01 8.560171784869237e-01
-1.901000e+00 -4.987571975057130e+00 -5.079389488768161e-02 -9.770221120889571e-01 2.131379658559998e-01 8.540174437606363e-01
-1.900000e+00 -4.992032871451067e+00 -5.085972252384967e-02 -9.771533283495897e-01 2.125355803043787e-01 8.520012576449868e-01
-1.899000e+00 -4.996477531748443e+00 -5.092494994987399e-02 -9.772846812048227e-01 2.119307714381938e-01 8.499686222771800e-01
-1.898000e+00 -5.000906106654617e+00 -5.098958511574466e-02 -9.774161545565699e-01 2.113235926531807e-01 8.479195415418744e-01
-1.897000e+00 -5.005318744450476e+00 -5.105363582344457e-02 -9.775477324191210e-01 2.107140973979544e-01 8.458540210669806e-01
-1.896000e+00 -5.009715591047306e+00 -5.111710973056413e-02 -9.776793989235120e-01 2.101023391601347e-01 8.437720682179913e-01
-1.895000e+00 -5.014096790040072e+00 -5.118001435380468e-02 -9.778111383216738e-01 2.094883714531012e-01 8.416736920935283e-01
-1.894000e+00 -5.018462482759201e+00 -5.124235707237772e-02 -9.779429349905370e-01 2.088722478025609e-01 8.395589035198812e-01
-1.893000e+00 -5.022812808320810e+00 -5.130414513130068e-02 -9.780747734358004e-01 2.082540217342938e-01 8.374277150480299e-01
-1.892000e+00 -5.027147903675581e+00 -5.136538564459631e-02 -9.782066382957825e-01 2.076337467611278e-01 8.352801409483985e-01
-1.891000e+00 -5.031467903656170e+00 -5.142608559839334e-02 -9.783385143450486e-01 2.070114763705703e-01 8.331161972066639e-01
-1.890000e+00 -5.035772941023417e+00 -5.148625185394110e-02 -9.784703864978532e-01 2.063872640129273e-01 8.309359015204432e-01
-1.889000e+00 -5.040063146511079e+00 -5.154589115053027e-02 -9.786022398115172e-01 2.057611630893494e-01 8.287392732953209e-01
-1.888000e+00 -5.044338648869489e+00 -5.160501010833284e-02 -9.787340594896436e-01 2.051332269402561e-01 8.265263336413595e-01
-1.887000e+00 -5.048599574907894e+00 -5.166361523115791e-02 -9.788658308851785e-01 2.045035088341252e-01 8.242971053701262e-01
-1.886000e+00 -5.052846049535736e+00 -5.172171290912732e-02 -9.789975395033733e-01 2.038720619563678e-01 8.220516129915293e-01
-1.885000e+00 -5.057078195802701e+00 -5.177930942127699e-02 -9.791291710046319e-01 2.032389393983896e-01 8.197898827105635e-01
-1.884000e+00 -5.061296134937767e+00 -5.183641093808264e-02 -9.792607112071339e-01 2.026041941473528e-01 8.175119424256032e-01
-1.883000e+00 -5.065499986387149e+00 -5.189302352391424e-02 -9.793921460894578e-01 2.019678790755754e-01 8.152178217251174e-01
-1.882000e+00 -5.069689867851282e+00 -5.194915313942128e-02 -9.795234617929467e-01 2.013300469308086e-01 8.129075518864090e-01
-1.881000e+00 -5.073865895320730e+00 -5.200480564385337e-02 -9.796546446240744e-01 2.006907503261636e-01 8.105811658729022e-01
-1.880000e+00 -5.078028183111239e+00 -5.205998679731272e-02 -9.797856810565753e-01 2.000500417308205e-01 8.082386983330045e-01
-1.879000e+00 -5.082176843897877e+00 -5.211470226294696e-02 -9.799165577335250e-01 1.994079734606395e-01 8.058801855984393e-01
-1.878000e+00 -5.086311988748129e+00 -5.216895760908157e-02 -9.800472614692534e-01 1.987645976692451e-01 8.035056656832020e-01
-1.877000e+00 -5.090433727154335e+00 -5.222275831129294e-02 -9.801777792511862e-01 1.981199663391171e-01 8.011151782822660e-01
-1.876000e+00 -5.094542167065151e+00 -5.227610975442571e-02 -9.803080982415244e-01 1.974741312731510e-01 7.987087647710072e-01
-1.875000e+00 -5.098637414916266e+00 -5.232901723455530e-02 -9.804382057788109e-01 1.968271440864446e-01 7.962864682048698e-01
-1.874000e+00 -5.102719575660318e+00 -5.238148596089783e-02 -9.805680893794055e-01 1.961790561982141e-01 7.938483333189257e-01
-1.873000e+00 -5.106788752796011e+00 -5.243352105766948e-02 -9.806977367388452e-01 1.955299188239658e-01 7.913944065277311e-01
-1.872000e+00 -5.110845048396588e+00 -5.248512756589545e-02 -9.808271357331105e-01 1.948797829678140e-01 7.889247359250927e-01
-1.871000e+00 -5.114888563137520e+00 -5.253631044517132e-02 -9.809562744196716e-01 1.942286994156062e-01 7.864393712857501e-01
-1.870000e+00 -5.118919396323486e+00 -5.258707457537844e-02 -9.810851410386218e-01 1.935767187272984e-01 7.839383640644223e-01
-1.869000e+00 -5.122937645914782e+00 -5.263742475835475e-02 -9.812137240135043e-01 1.929238912305850e-01 7.814217673980959e-01
-1.868000e+00 -5.126943408552942e+00 -5.268736571952116e-02 -9.813420119522184e-01 1.922702670138365e-01 7.788896361057390e-01
-1.867000e+00 -5.130936779585863e+00 -5.273690210946577e-02 -9.814699936476567e-01 1.916158959201158e-01 7.763420266908501e-01
-1.866000e+00 -5.134917853092240e+00 -5.278603850548905e-02 -9.815976580783891e-01 1.909608275406819e-01 7.737789973420323e-01
-1.865000e+00 -5.138886721905407e+00 -5.283477941310669e-02 -9.817249944091558e-01 1.903051112091921e-01 7.712006079351160e-01
-1.864000e+00 -5.142843477636645e+00 -5.288312926751685e-02 -9.818519919913091e-01 1.896487959959098e-01 7.686069200350035e-01
-1.863000e+00 -5.146788210697865e+00 -5.293109243502829e-02 -9.819786403631513e-01 1.889919307021778e-01 7.659979968977060e-01
-1.862000e+00 -5.150721010323860e+00 -5.297867321445354e-02 -9.821049292501490e-01 1.883345638552834e-01 7.633739034733117e-01
-1.861000e+00 -5.154641964593875e+00 -5.302587583846620e-02 -9.822308485651543e-01 1.876767437030408e-01 7.607347064075163e-01
-1.860000e+00 -5.158551160452854e+00 -5.307270447492514e-02 -9.823563884084318e-01 1.870185182091401e-01 7.580804740451775e-01
-1.859000e+00 -5.162448683731979e+00 -5.311916322816588e-02 -9.824815390676711e-01 1.863599350483365e-01 7.554112764328301e-01
-1.858000e+00 -5.166334619168881e+00 -5.316525614025871e-02 -9.826062910178938e-01 1.857010416019748e-01 7.527271853219399e-01
-1.857000e+00 -5.170209050427371e+00 -5.321098719223829e-02 -9.827306349212689e-01 1.850418849537580e-01 7.500282741724410e-01
-1.856000e+00 -5.174072060116620e+00 -5.325636030529977e-02 -9.828545616269032e-01 1.843825118854496e-01 7.473146181555620e-01
-1.855000e+00 -5.177923729809989e+00 -5.330137934196945e-02 -9.829780621704587e-01 1.837229688732739e-01 7.445862941585972e-01
-1.854000e+00 -5.181764140063394e+00 -5.334604810724448e-02 -9.831011277738401e-01 1.830633020837428e-01 7.418433807873260e-01
-1.853000e+00 -5.185593370433248e+00 -5.339037034970565e-02 -9.832237498446524e-01 1.824035573705193e-01 7.390859583713123e-01
-1.852000e+00 -5.189411499494001e+00 -5.343434976260461e-02 -9.833459199757077e-01 1.817437802708225e-01 7.363141089673969e-01
-1.851000e+00 -5.193218604855305e+00 -5.347798998492340e-02 -9.834676299444288e-01 1.810840160022081e-01 7.335279163639291e-01
-1.850000e+00 -5.197014763178741e+00 -5.352129460240956e-02 -9.835888717121598e-01 1.804243094596748e-01 7.307274660856559e-01
-1.849000e+00 -5.200800050194252e+00 -5.356426714858803e-02 -9.837096374234585e-01 1.797647052126966e-01 7.279128453979956e-01
-1.848000e+00 -5.204574540716148e+00 -5.360691110574597e-02 -9.838299194052832e-01 1.791052475026735e-01 7.250841433122033e-01
-1.847000e+00 -5.208338308658766e+00 -5.364922990589877e-02 -9.839497101661969e-01 1.784459802401191e-01 7.222414505893751e-01
-1.846000e+00 -5.212091427051792e+00 -5.369122693172968e-02 -9.840690023954137e-01 1.777869470025716e-01 7.193848597462863e-01
-1.845000e+00 -5.215833968055285e+00 -5.373290551751000e-02 -9.841877889618613e-01 1.771281910322657e-01 7.165144650601933e-01
-1.844000e+00 -5.219566002974361e+00 -5.377426894999646e-02 -9.843060629131649e-01 1.764697552341042e-01 7.136303625741939e-01
-1.843000e+00 -5.223287602273427e+00 -5.381532046931009e-02 -9.844238174746037e-01 1.758116821736489e-01 7.107326501021483e-01
-1.842000e+00 -5.226998835590352e+00 -5.385606326979242e-02 -9.845410460479846e-01 1.751540140754423e-01 7.078214272344626e-01
-1.841000e+00 -5.230699771750145e+00 -5.389650050084405e-02 -9.846577422104945e-01 1.744967928213337e-01 7.048967953434380e-01
-1.840000e+00 -5.234390478778413e+00 -5.393663526774229e-02 -9.847738997134888e-01 1.738400599490449e-01 7.019588575890050e-01
-1.839000e+00 -5.238071023914489e+00 -5.397647063244408e-02 -9.848895124812628e-01 1.731838566507296e-01 6.990077189241125e-01
-1.838000e+00 -5.241741473624374e+00 -5.401600961436547e-02 -9.850045746097493e-01 1.725282237718417e-01 6.960434861007622e-01
-1.837000e+00 -5.245401893613289e+00 -5.405525519114833e-02 -9.851190803652107e-01 1.718732018099435e-01 6.930662676753836e-01
-1.836000e+00 -5.249052348838062e+00 -5.409421029940770e-02 -9.852330241828657e-01 1.712188309137893e-01 6.900761740148971e-01
-1.835000e+00 -5.252692903519199e+00 -5.413287783546259e-02 -9.853464006654907e-01 1.705651508824773e-01 6.870733173025309e-01
-1.834000e+00 -5.256323621152734e+00 -5.417126065605216e-02 -9.854592045819925e-01 1.699122011646795e-01 6.840578115435417e-01
-1.833000e+00 -5.259944564521802e+00 -5.420936157903360e-02 -9.855714308659269e-01 1.692600208581145e-01 6.810297725714652e-01
-1.832000e+00 -5.263555795708061e+00 -5.424718338406730e-02 -9.856830746140205e-01 1.686086487089296e-01 6.779893180535491e-01
-1.831000e+00 -5.267157376102722e+00 -5.428472881328571e-02 -9.857941310846341e-01 1.679581231113612e-01 6.749365674968864e-01
-1.830000e+00 -5.270749366417499e+00 -5.432200057194833e-02 -9.859045956962135e-01 1.673084821074112e-01 6.718716422541263e-01
-1.829000e+00 -5.274331826695344e+00 -5.435900132908093e-02 -9.860144640256929e-01 1.666597633867438e-01 6.687946655297353e-01
-1.828000e+00 -5.277904816320792e+00 -5.439573371810306e-02 -9.861237318069087e-01 1.660120042864851e-01 6.657057623853064e-01
-1.827000e+00 -5.281468394030298e+00 -5.443220033744259e-02 -9.862323949289669e-01 1.653652417912375e-01 6.626050597454067e-01
-1.826000e+00 -5.285022617922276e+00 -5.446840375113345e-02 -9.863404494345664e-01 1.647195125333286e-01 6.594926864039122e-01
-1.825000e+00 -5.288567545466929e+00 -5.450434648940458e-02 -9.864478915183738e-01 1.640748527927262e-01 6.563687730285633e-01
-1.824000e+00 -5.292103233515934e+00 -5.454003104925460e-02 -9.865547175252920e-01 1.634312984975378e-01 6.532334521674321e-01
-1.823000e+00 -5.295629738311840e+00 -5.457545989501527e-02 -9.866609239487639e-01 1.627888852243033e-01 6.500868582541436e-01
-1.822000e+00 -5.299147115497439e+00 -5.461063545890105e-02 -9.867665074290647e-01 1.621476481983186e-01 6.469291276128264e-01
-1.821000e+00 -5.302655420124836e+00 -5.464556014155012e-02 -9.868714647515306e-01 1.615076222943317e-01 6.437603984641139e-01
-1.820000e+00 -5.306154706664297e+00 -5.468023631255284e-02 -9.869757928448368e-01 1.608688420369395e-01 6.405808109294778e-01
-1.819000e+00 -5.309645029013096e+00 -5.471466631096782e-02 -9.870794887792101e-01 1.602313416013648e-01 6.373905070367029e-01
-1.818000e+00 -5.313126440504075e+00 -5.474885244582928e-02 -9.871825497646576e-01 1.595951548141404e-01 6.341896307246090e-01
-1.817000e+00 -5.316598993914009e+00 -5.478279699664404e-02 -9.872849731491848e-01 1.589603151538563e-01 6.309783278474496e-01
-1.816000e+00 -5.320062741471927e+00 -5.481650221387662e-02 -9.873867564169950e-01 1.583268557520351e-01 6.277567461795730e-01
-1.815000e+00 -5.323517734867179e+00 -5.484997031942624e-02 -9.874878971866808e-01 1.576948093940548e-01 6.245250354196942e-01
-1.814000e+00 -5.326964025257372e+00 -5.488320350709283e-02 -9.875883932094209e-01 1.570642085200643e-01 6.212833471947689e-01
-1.813000e+00 -5.330401663276228e+00 -5.491620394303432e-02 -9.876882423671627e-01 1.564350852259967e-01 6.180318350638176e-01
-1.812000e+00 -5.333830699041178e+00 -5.494897376621475e-02 -9.877874426707871e-01 1.558074712647197e-01 6.147706545218744e-01
-1.811000e+00 -5.337251182160835e+00 -5.498151508884357e-02 -9.878859922583128e-01 1.551813980469595e-01 6.114999630024184e-01
-1.810000e+00 -5.340663161742478e+00 -5.501382999680465e-02 -9.879838893930366e-01 1.545568966426540e-01 6.082199198813768e-01
-1.809000e+00 -5.344066686399228e+00 -5.504592055007809e-02 -9.880811324617271e-01 1.539339977820064e-01 6.049306864791755e-01
-1.808000e+00 -5.347461804257100e+00 -5.507778878315494e-02 -9.881777199727871e-01 1.533127318567634e-01 6.016324260633589e-01
-1.807000e+00 -5.350848562962061e+00 -5.510943670544043e-02 -9.882736505544216e-01 1.526931289214971e-01 5.983253038507840e-01
-1.806000e+00 -5.354227009686807e+00 -5.514086630165219e-02 -9.883689229528185e-01 1.520752186948469e-01 5.950094870090818e-01
-1.805000e+00 -5.357597191137531e+00 -5.517207953220851e-02 -9.884635360303081e-01 1.514590305609399e-01 5.916851446584331e-01
-1.804000e+00 -5.360959153560482e+00 -5.520307833361141e-02 -9.885574887635544e-01 1.508445935706513e-01 5.883524478721603e-01
-1.803000e+00 -5.364312942748469e+00 -5.523386461881975e-02 -9.886507802417240e-01 1.502319364430556e-01 5.850115696776140e-01
-1.802000e+00 -5.367658604047219e+00 -5.526444027761683e-02 -9.887434096646761e-01 1.496210875667950e-01 5.816626850562499e-01
-1.801000e+00 -5.370996182361613e+00 -5.529480717697013e-02 -9.888353763411493e-01 1.490120750015166e-01 5.783059709433741e-01
-1.800000e+00 -5.374325722161887e+00 -5.532496716138380e-02 -9.889266796869548e-01 1.484049264793289e-01 5.749416062275600e-01
-1.799000e+00 -5.377647267489560e+00 -5.535492205324608e-02 -9.890173192231829e-01 1.477996694062228e-01 5.715697717492717e-01
-1.798000e+00 -5.380960861963424e+00 -5.538467365316840e-02 -9.891072945744025e-01 1.471963308635990e-01 5.681906502995286e-01
-1.797000e+00 -5.384266548785413e+00 -5.541422374031690e-02 -9.891966054668941e-01 1.465949376096385e-01 5.648044266171938e-01
-1.796000e+00 -5.387564370746191e+00 -5.544357407274247e-02 -9.892852517268492e-01 1.459955160809556e-01 5.614112873870469e-01
-1.795000e+00 -5.390854370230903e+00 -5.547272638769827e-02 -9.893732332786260e-01 1.453980923939427e-01 5.580114212358238e-01
-1.794000e+00 -5.394136589224624e+00 -5.550168240195622e-02 -9.894605501429800e-01 1.448026923463488e-01 5.546050187288822e-01
-1.793000e+00 -5.397411069317806e+00 -5.553044381211563e-02 -9.895472024353280e-01 1.442093414187026e-01 5.511922723652910e-01
-1.792000e+00 -5.400677851711608e+00 -5.555901229490512e-02 -9.896331903639889e-01 1.436180647759635e-01 5.477733765737035e-01
-1.791000e+00 -5.403936977223180e+00 -5.558738950748048e-02 -9.897185142284942e-01 1.430288872687678e-01 5.443485277054481e-01
-1.790000e+00 -5.407188486290762e+00 -5.561557708771651e-02 -9.898031744178362e-01 1.424418334351767e-01 5.409179240295061e-01
-1.789000e+00 -5.410432418978794e+00 -5.564357665449356e-02 -9.898871714087927e-01 1.418569275019712e-01 5.374817657246396e-01
-1.788000e+00 -5.413668814982860e+00 -5.567138980797839e-02 -9.899705057642254e-01 1.412741933862079e-01 5.340402548721978e-01
-1.787000e+00 -5.416897713634638e+00 -5.569901812989986e-02 -9.900531781314077e-01 1.406936546966463e-01 5.305935954475492e-01
-1.786000e+00 -5.420119153906704e+00 -5.572646318381964e-02 -9.901351892403599e-01 1.401153347351982e-01 5.271419933109976e-01
-1.785000e+00 -5.423333174417222e+00 -5.575372651539979e-02 -9.902165399021988e-01 1.395392564983669e-01 5.236856561979927e-01
-1.784000e+00 -5.426539813434667e+00 -5.578080965266141e-02 -9.902972310075073e-01 1.389654426786157e-01 5.202247937082541e-01
-1.783000e+00 -5.429739108882375e+00 -5.580771410624327e-02 -9.903772635247031e-01 1.383939156658297e-01 5.167596172946832e-01
-1.782000e+00 -5.432931098343078e+00 -5.583444136965130e-02 -9.904566384984440e-01 1.378246975485982e-01 5.132903402506754e-01
-1.781000e+00 -5.436115819063303e+00 -5.586099291950799e-02 -9.905353570480230e-01 1.372578101156565e-01 5.098171776974564e-01
-1.780000e+00 -5.439293307957761e+00 -5.588737021579361e-02 -9.906134203658057e-01 1.366932748571028e-01 5.063403465696084e-01
-1.779000e+00 -5.442463601613636e+00 -5.591357470208537e-02 -9.906908297156587e-01 1.361311129657717e-01 5.028600656005752e-01
-1.778000e+00 -5.445626736294821e+00 -5.593960780579122e-02 -9.907675864314116e-01 1.355713453384430e-01 4.993765553066424e-01
-1.777000e+00 -5.448782747946035e+00 -5.596547093838011e-02 -9.908436919153203e-01 1.350139925771323e-01 4.958900379704237e-01
-1.776000e+00 -5.451931672196952e+00 -5.599116549560777e-02 -9.909191476365593e-01 1.344590749902543e-01 4.924007376231399e-01
-1.775000e+00 -5.455073544366236e+00 -5.601669285773841e-02 -9.909939551297288e-01 1.339066125937671e-01 4.889088800256748e-01
-1.774000e+00 -5.458208399465440e+00 -5.604205438976354e-02 -9.910681159933606e-01 1.333566251124058e-01 4.854146926496171e-01
-1.773000e+00 -5.461336272202991e+00 -5.606725144161513e-02 -9.911416318884716e-01 1.328091319806642e-01 4.819184046558904e-01
-1.772000e+00 -5.464457196987960e+00 -5.609228534837699e-02 -9.912145045371045e-01 1.322641523439454e-01 4.784202468736024e-01
-1.771000e+00 -5.467571207933859e+00 -5.611715743049098e-02 -9.912867357209078e-01 1.317217050595200e-01 4.749204517769346e-01
-1.770000e+00 -5.470678338862414e+00 -5.614186899395991e-02 -9.913583272797157e-01 1.311818086975633e-01 4.714192534616333e-01
-1.769000e+00 -5.473778623307151e+00 -5.616642133054834e-02 -9.914292811101587e-01 1.306444815420607e-01 4.679168876199213e-01
-1.768000e+00 -5.476872094517057e+00 -5.619081571797745e-02 -9.914995991642822e-01 1.301097415917333e-01 4.644135915145912e-01
-1.767000e+00 -5.479958785460124e+00 -5.621505342011895e-02 -9.915692834481892e-01 1.295776065608738e-01 4.609096039517735e-01
-1.766000e+00 -5.483038728826810e+00 -5.623913568718357e-02 -9.916383360206970e-01 1.290480938801628e-01 4.574051652526092e-01
-1.765000e+00 -5.486111957033537e+00 -5.626306375590840e-02 -9.917067589920124e-01 1.285212206974343e-01 4.539005172238166e-01
-1.764000e+00 -5.489178502226088e+00 -5.628683884973889e-02 -9.917745545224234e-01 1.279970038784065e-01 4.503959031270983e-01
-1.763000e+00 -5.492238396282883e+00 -5.631046217901008e-02 -9.918417248210086e-01 1.274754600073544e-01 4.468915676471953e-01
-1.762000e+00 -5.495291670818374e+00 -5.633393494112129e-02 -9.919082721443692e-01 1.269566053877150e-01 4.433877568588120e-01
-1.761000e+00 -5.498338357186198e+00 -5.635725832071284e-02 -9.919741987953713e-01 1.264404560426811e-01 4.398847181922883e-01
-1.760000e+00 -5.501378486482424e+00 -5.638043348983528e-02 -9.920395071219105e-01 1.259270277157247e-01 4.363827003980679e-01
-1.759000e+00 -5.504412089548710e+00 -5.640346160811730e-02 -9.921041995156933e-01 1.254163358710720e-01 4.328819535098274e-01
-1.758000e+00 -5.507439196975390e+00 -5.642634382293175e-02 -9.921682784110358e-01 1.249083956941296e-01 4.293827288063791e-01
-1.757000e+00 -5.510459839104538e+00 -5.644908126955762e-02 -9.922317462836808e-01 1.244032220918627e-01 4.258852787722646e-01
-1.756000e+00 -5.513474046032989e+00 -5.647167507134042e-02 -9.922946056496320e-01 1.239008296931110e-01 4.223898570570201e-01
-1.755000e+00 -5.516481847615346e+00 -5.649412633984793e-02 -9.923568590640056e-01 1.234012328488713e-01 4.188967184331955e-01
-1.754000e+00 -5.519483273466815e+00 -5.651643617502685e-02 -9.924185091198999e-01 1.229044456325118e-01 4.154061187530058e-01
-1.753000e+00 -5.522478352966233e+00 -5.653860566535181e-02 -9.924795584472833e-01 1.224104818399367e-01 4.119183149035884e-01
-1.752000e+00 -5.525467115258811e+00 -5.656063588797745e-02 -9.925400097118958e-01 1.219193549897218e-01 4.084335647611437e-01
-1.751000e+00 -5.528449589258980e+00 -5.658252790888410e-02 -9.925998656141755e-01 1.214310783231414e-01 4.049521271433625e-01
-1.750000e+00 -5.531425803653205e+00 -5.660428278302147e-02 -9.926591288881929e-01 1.209456648042172e-01 4.014742617608776e-01
-1.749000e+00 -5.534395786902617e+00 -5.662590155445320e-02 -9.927178023006100e-01 1.204631271196587e-01 3.980002291671580e-01
-1.748000e+00 -5.537359567245829e+00 -5.664738525649344e-02 -9.927758886496526e-01 1.199834776787727e-01 3.945302907070527e-01
-1.747000e+00 -5.540317172701515e+00 -5.666873491184715e-02 -9.928333907641003e-01 1.195067286133271e-01 3.910647084640417e-01
-1.746000e+00 -5.543268631071073e+00 -5.668995153274380e-02 -9.928903115022955e-01 1.190328917773353e-01 3.876037452060059e-01
-1.745000e+00 -5.546213969941207e+00 -5.671103612107015e-02 -9.929466537511642e-01 1.185619787468379e-01 3.841476643298769e-01
-1.744000e+00 -5.549153216686452e+00 -5.673198966850308e-02 -9.930024204252598e-01 1.180940008195828e-01 3.806967298045673e-01
-1.743000e+00 -5.552086398471735e+00 -5.675281315663597e-02 -9.930576144658166e-01 1.176289690147012e-01 3.772512061130230e-01
-1.742000e+00 -5.555013542254881e+00 -5.677350755710627e-02 -9.931122388398245e-01 1.171668940723084e-01 3.738113581925149e-01
-1.741000e+00 -5.557934674788981e+00 -5.679407383172088e-02 -9.931662965391217e-01 1.167077864530271e-01 3.703774513735630e-01
-1.740000e+00 -5.560849822624931e+00 -5.681451293257738e-02 -9.932197905794935e-01 1.162516563375638e-01 3.669497513181723e-01
-1.739000e+00 -5.563759012113727e+00 -5.683482580218555e-02 -9.932727239998024e-01 1.157985136260931e-01 3.635285239557139e-01
-1.738000e+00 -5.566662269408909e+00 -5.685501337358557e-02 -9.933250998611177e-01 1.153483679377413e-01 3.601140354185252e-01
-1.737000e+00 -5.569559620468817e+00 -5.687507657046537e-02 -9.933769212458703e-01 1.149012286099502e-01 3.567065519756780e-01
-1.736000e+00 -5.572451091058974e+00 -5.689501630727458e-02 -9.934281912570238e-01 1.144571046977788e-01 3.533063399653676e-01
-1.735000e+00 -5.575336706754308e+00 -5.691483348933805e-02 -9.934789130172555e-01 1.140160049732155e-01 3.499136657263730e-01
-1.734000e+00 -5.578216492941406e+00 -5.693452901296767e-02 -9.935290896681560e-01 1.135779379244277e-01 3.465287955281332e-01
-1.733000e+00 -5.581090474820773e+00 -5.695410376557026e-02 -9.935787243694402e-01 1.131429117549835e-01 3.431519954996743e-01
-1.732000e+00 -5.583958677409000e+00 -5.697355862575661e-02 -9.936278202981801e-01 1.127109343829936e-01 3.397835315570187e-01
-1.731000e+00 -5.586821125540900e+00 -5.699289446344737e-02 -9.936763806480416e-01 1.122820134403026e-01 3.364236693301420e-01
-1.730000e+00 -5.589677843871717e+00 -5.701211213997652e-02 -9.937244086285481e-01 1.118561562715371e-01 3.330726740878266e-01
-1.729000e+00 -5.592528856879209e+00 -5.703121250819466e-02 -9.937719074643453e-01 1.114333699332334e-01 3.297308106623162e-01
-1.728000e+00 -5.595374188865748e+00 -5.705019641256948e-02 -9.938188803944916e-01 1.110136611928422e-01 3.263983433722813e-01
-1.727000e+00 -5.598213863960365e+00 -5.706906468928558e-02 -9.938653306717525e-01 1.105970365277837e-01 3.230755359450967e-01
-1.726000e+00 -5.601047906120850e+00 -5.708781816634213e-02 -9.939112615619172e-01 1.101835021244021e-01 3.197626514378153e-01
-1.725000e+00 -5.603876339135733e+00 -5.710645766364879e-02 -9.939566763431212e-01 1.097730638769632e-01 3.164599521574138e-01
-1.724000e+00 -5.606699186626326e+00 -5.712498399312071e-02 -9.940015783051868e-01 1.093657273865884e-01 3.131676995800751e-01
-1.723000e+00 -5.609516472048615e+00 -5.714339795877219e-02 -9.940459707489763e-01 1.089614979601759e-01 3.098861542692943e-01
-1.722000e+00 -5.612328218695332e+00 -5.716170035680732e-02 -9.940898569857534e-01 1.085603806093386e-01 3.066155757936674e-01
-1.721000e+00 -5.615134449697849e+00 -5.717989197571064e-02 -9.941332403365630e-01 1.081623800492828e-01 3.033562226434349e-01
-1.720000e+00 -5.617935188028061e+00 -5.719797359633681e-02 -9.941761241316203e-01 1.077675006977018e-01 3.001083521464475e-01
-1.719000e+00 -5.620730456500347e+00 -5.721594599199658e-02 -9.942185117097116e-01 1.073757466736597e-01 2.968722203834216e-01
-1.718000e+00 -5.623520277773375e+00 -5.723380992854413e-02 -9.942604064176092e-01 1.069871217964602e-01 2.936480821025851e-01
-1.717000e+00 -5.626304674352043e+00 -5.725156616446073e-02 -9.943018116094962e-01 1.066016295845147e-01 2.904361906335975e-01
-1.716000e+00 -5.629083668589280e+00 -5.726921545093851e-02 -9.943427306464033e-01 1.062192732542180e-01 2.872367978011323e-01
-1.715000e+00 -5.631857282687861e+00 -5.728675853196261e-02 -9.943831668956561e-01 1.058400557188331e-01 2.840501538379006e-01
-1.714000e+00 -5.634625538702240e+00 -5.730419614439099e-02 -9.944231237303370e-01 1.054639795873394e-01 2.808765072970708e-01
-1.713000e+00 -5.637388458540345e+00 -5.732152901803485e-02 -9.944626045287507e-01 1.050910471633701e-01 2.777161049648494e-01
-1.712000e+00 -5.640146063965310e+00 -5.733875787573644e-02 -9.945016126739086e-01 1.047212604440714e-01 2.745691917721227e-01
-1.711000e+00 -5.642898376597309e+00 -5.735588343344492e-02 -9.945401515530196e-01 1.043546211190324e-01 2.714360107062878e-01
-1.710000e+00 -5.645645417915202e+00 -5.737290640029386e-02 -9.945782245569894e-01 1.039911305692305e-01 2.683168027229096e-01
-1.709000e+00 -5.648387209258380e+00 -5.738982747867329e-02 -9.946158350799333e-01 1.036307898659797e-01 2.652118066571642e-01
-1.708000e+00 -5.651123771828361e+00 -5.740664736430520e-02 -9.946529865186977e-01 1.032735997699087e-01 2.621212591353574e-01
-1.707000e+00 -5.653855126690583e+00 -5.742336674631425e-02 -9.946896822723890e-01 1.029195607299894e-01 2.590453944864490e-01
-1.706000e+00 -5.656581294776068e+00 -5.743998630729821e-02 -9.947259257419163e-01 1.025686728825500e-01 2.559844446536961e-01
-1.705000e+00 -5.659302296883054e+00 -5.745650672339913e-02 -9.947617203295381e-01 1.022209360503891e-01 2.529386391067168e-01
-1.704000e+00 -5.662018153678728e+00 -5.747292866437023e-02 -9.947970694384224e-01 1.018763497418639e-01 2.499082047534769e-01
-1.703000e+00 -5.664728885700795e+00 -5.748925279364502e-02 -9.948319764722127e-01 1.015349131500634e-01 2.468933658529676e-01
-1.702000e+00 -5.667434513359225e+00 -5.750547976840162e-02 -9.948664448346035e-01 1.011966251520124e-01 2.438943439281691e-01
-1.701000e+00 -5.670135056937760e+00 -5.752161023963002e-02 -9.949004779289259e-01 1.008614843079101e-01 2.409113576794994e-01
-1.700000e+00 -5.672830536595597e+00 -5.753764485219515e-02 -9.949340791577377e-01 1.005294888604563e-01 2.379446228990423e-01
-1.699000e+00 -5.675520972369029e+00 -5.755358424489928e-02 -9.949672519224244e-01 1.002006367341982e-01 2.349943523852912e-01
-1.698000e+00 -5.678206384172958e+00 -5.756942905054577e-02 -9.949999996228074e-01 9.987492553495775e-02 2.320607558587346e-01
-1.697000e+00 -5.680886791802555e+00 -5.758517989599817e-02 -9.950323256567571e-01 9.955235254932500e-02 2.291440398784186e-01
-1.696000e+00 -5.683562214934781e+00 -5.760083740224204e-02 -9.950642334198209e-01 9.923291474417315e-02 2.262444077590026e-01
-1.695000e+00 -5.686232673130011e+00 -5.761640218444230e-02 -9.950957263048466e-01 9.891660876632392e-02 2.233620594895411e-01
-1.694000e+00 -5.688898185833573e+00 -5.763187485200151e-02 -9.951268077016258e-01 9.860343094219166e-02 2.204971916525073e-01
-1.693000e+00 -5.691558772377308e+00 -5.764725600861718e-02 -9.951574809965335e-01 9.829337727758763e-02 2.176499973449190e-01
-1.692000e+00 -5.694214451981097e+00 -5.766254625233790e-02 -9.951877495721795e-01 9.798644345755711e-02 2.148206661000978e-01
-1.691000e+00 -5.696865243754438e+00 -5.767774617561729e-02 -9.952176168070674e-01 9.768262484629053e-02 2.120093838107736e-01
-1.690000e+00 -5.699511166697993e+00 -5.769285636536843e-02 -9.952470860752569e-01 9.738191648714949e-02 2.092163326540367e-01
-1.689000e+00 -5.702152239705062e+00 -5.770787740301723e-02 -9.952761607460322e-01 9.708431310277769e-02 2.064416910175132e-01
-1.688000e+00 -5.704788481563172e+00 -5.772280986455423e-02 -9.953048441835802e-01 9.678980909527098e-02 2.036856334271619e-01
-1.687000e+00 -5.707419910955551e+00 -5.773765432058534e-02 -9.953331397466690e-01 9.649839854649307e-02 2.009483304768637e-01
-1.686000e+00 -5.710046546462676e+00 -5.775241133638242e-02 -9.953610507883375e-01 9.621007521843418e-02 1.982299487595578e-01
-1.685000e+00 -5.712668406563805e+00 -5.776708147193216e-02 -9.953885806555871e-01 9.592483255370240e-02 1.955306508004008e-01
-1.684000e+00 -5.715285509638421e+00 -5.778166528198519e-02 -9.954157326890791e-01 9.564266367612136e-02 1.928505949918570e-01
-1.683000e+00 -5.717897873967844e+00 -5.779616331610225e-02 -9.954425102228396e-01 9.536356139140280e-02 1.901899355305598e-01
-1.682000e+00 -5.720505517736630e+00 -5.781057611870145e-02 -9.954689165839662e-01 9.508751818795468e-02 1.875488223564648e-01
-1.681000e+00 -5.723108459034180e+00 -5.782490422910383e-02 -9.954949550923429e-01 9.481452623777735e-02 1.849274010938853e-01
-1.680000e+00 -5.725706715856157e+00 -5.783914818157796e-02 -9.955206290603570e-01 9.454457739749547e-02 1.823258129950854e-01
-1.679000e+00 -5.728300306106082e+00 -5.785330850538303e-02 -9.955459417926233e-01 9.427766320947162e-02 1.797441948857003e-01
-1.678000e+00 -5.730889247596767e+00 -5.786738572481293e-02 -9.955708965857105e-01 9.401377490306623e-02 1.771826791129366e-01
-1.677000e+00 -5.733473558051865e+00 -5.788138035923729e-02 -9.955954967278743e-01 9.375290339598720e-02 1.746413934957390e-01
-1.676000e+00 -5.736053255107354e+00 -5.789529292314332e-02 -9.956197454987926e-01 9.349503929577957e-02 1.721204612777250e-01
-1.675000e+00 -5.738628356313080e+00 -5.790912392617542e-02 -9.956436461693079e-01 9.324017290141688e-02 1.696200010824993e-01
-1.674000e+00 -5.741198879134252e+00 -5.792287387317461e-02 -9.956672020011693e-01 9.298829420503829e-02 1.671401268716821e-01
-1.673000e+00 -5.743764840952966e+00 -5.793654326421774e-02 -9.956904162467849e-01 9.273939289376608e-02 1.646809479051740e-01
-1.672000e+00 -5.746326259069734e+00 -5.795013259465375e-02 -9.957132921489716e-01 9.249345835169427e-02 1.622425687045818e-01
-1.671000e+00 -5.748883150704999e+00 -5.796364235514202e-02 -9.957358329407137e-01 9.225047966196757e-02 1.598250890190912e-01
-1.670000e+00 -5.751435533000677e+00 -5.797707303168707e-02 -9.957580418449223e-01 9.201044560899581e-02 1.574286037940423e-01
-1.669000e+00 -5.753983423021720e+00 -5.799042510567343e-02 -9.957799220742002e-01 9.177334468079446e-02 1.550532031424794e-01
-1.668000e+00 -5.756526837757616e+00 -5.800369905390113e-02 -9.958014768306090e-01 9.153916507144962e-02 1.526989723194666e-01
-1.667000e+00 -5.759065794123988e+00 -5.801689534861728e-02 -9.958227093054414e-01 9.130789468370408e-02 1.503659916992022e-01
-1.666000e+00 -5.761600308964118e+00 -5.803001445754982e-02 -9.958436226789960e-01 9.107952113166594e-02 1.480543367550280e-01
-1.665000e+00 -5.764130399050559e+00 -5.804305684393810e-02 -9.958642201203541e-01 9.085403174366462e-02 1.457640780425958e-01
-1.664000e+00 -5.766656081086676e+00 -5.805602296656421e-02 -9.958845047871639e-01 9.063141356519384e-02 1.434952811855933e-01
-1.663000e+00 -5.769177371708279e+00 -5.806891327978216e-02 -9.959044798254240e-01 9.041165336200759e-02 1.412480068647008e-01
-1.662000e+00 -5.771694287485211e+00 -5.808172823354683e-02 -9.959241483692715e-01 9.019473762333061e-02 1.390223108094464e-01
-1.661000e+00 -5.774206844922950e+00 -5.809446827344259e-02 -9.959435135407747e-01 8.998065256518638e-02 1.368182437930158e-01
-1.660000e+00 -5.776715060464266e+00 -5.810713384070978e-02 -9.959625784497269e-01 8.976938413385413e-02 1.346358516301902e-01
-1.659000e+00 -5.779218950490833e+00 -5.811972537227101e-02 -9.959813461934452e-01 8.956091800943450e-02 1.324751751779585e-01
-1.658000e+00 -5.781718531324926e+00 -5.813224330075688e-02 -9.959998198565708e-01 8.935523960954098e-02 1.303362503394541e-01
-1.657000e+00 -5.784213819231051e+00 -5.814468805453006e-02 -9.960180025108731e-01 8.915233409311402e-02 1.282191080707778e-01
-1.656000e+00 -5.786704830417715e+00 -5.815706005770849e-02 -9.960358972150583e-01 8.895218636432660e-02 1.261237743906329e-01
-1.655000e+00 -5.789191581039001e+00 -5.816935973018918e-02 -9.960535070145775e-01 8.875478107663268e-02 1.240502703931747e-01
-1.654000e+00 -5.791674087196465e+00 -5.818158748766807e-02 -9.960708349414426e-01 8.856010263689618e-02 1.219986122635296e-01
-1.653000e+00 -5.794152364940748e+00 -5.819374374166259e-02 -9.960878840140404e-01 8.836813520965335e-02 1.199688112966181e-01
-1.652000e+00 -5.796626430273411e+00 -5.820582889953027e-02 -9.961046572369532e-01 8.817886272147138e-02 1.179608739184593e-01
-1.651000e+00 -5.799096299148704e+00 -5.821784336448841e-02 -9.961211576007817e-01 8.799226886538815e-02 1.159748017104875e-01
-1.650000e+00 -5.801561987475403e+00 -5.822978753563093e-02 -9.961373880819688e-01 8.780833710549972e-02 1.140105914369853e-01
-1.649000e+00 -5.804023511118635e+00 -5.824166180794627e-02 -9.961533516426299e-01 8.762705068159651e-02 1.120682350748675e-01
-1.648000e+00 -5.806480885901743e+00 -5.825346657233280e-02 -9.961690512303826e-01 8.744839261392665e-02 1.101477198465551e-01
-1.647000e+00 -5.808934127608193e+00 -5.826520221561417e-02 -9.961844897781832e-01 8.727234570802404e-02 1.082490282553749e-01
-1.646000e+00 -5.811383251983434e+00 -5.827686912055322e-02 -9.961996702041622e-01 8.709889255965608e-02 1.063721381238230e-01
-1.645000e+00 -5.813828274736960e+00 -5.828846766586419e-02 -9.962145954114664e-01 8.692801555981942e-02 1.045170226342680e-01
-1.644000e+00 -5.816269211544207e+00 -5.829999822622506e-02 -9.962292682881017e-01 8.675969689984807e-02 1.026836503722970e-01
-1.643000e+00 -5.818706078048557e+00 -5.831146117228899e-02 -9.962436917067797e-01 8.659391857657682e-02 1.008719853726901e-01
-1.642000e+00 -5.821138889863451e+00 -5.832285687069336e-02 -9.962578685247683e-01 8.643066239758669e-02 9.908198716756933e-02
-1.641000e+00 -5.823567662574429e+00 -5.833418568406821e-02 -9.962718015837434e-01 8.626990998651944e-02 9.731361083729570e-02
-1.640000e+00 -5.825992411741248e+00 -5.834544797104424e-02 -9.962854937096463e-01 8.611164278845485e-02 9.556680706343530e-02
-1.639000e+00 -5.828413152900048e+00 -5.835664408625987e-02 -9.962989477125410e-01 8.595584207535563e-02 9.384152218405796e-02
-1.638000e+00 -5.830829901565572e+00 -5.836777438036484e-02 -9.963121663864782e-01 8.580248895155959e-02 9.213769825137003e-02
-1.637000e+00 -5.833242673233370e+00 -5.837883920002588e-02 -9.963251525093596e-01 8.565156435933455e-02 9.045527309123216e-02
-1.636000e+00 -5.835651483382113e+00 -5.838983888792907e-02 -9.963379088428074e-01 8.550304908447176e-02 8.879418036493245e-02
-1.635000e+00 -5.838056347475890e+00 -5.840077378278147e-02 -9.963504381320352e-01 8.535692376193899e-02 8.715434963283950e-02
-1.634000e+00 -5.840457280966619e+00 -5.841164421931176e-02 -9.963627431057241e-01 8.521316888155696e-02 8.553570641994393e-02
-1.633000e+00 -5.842854299296483e+00 -5.842245052826906e-02 -9.963748264759006e-01 8.507176479372601e-02 8.393817228334172e-02
-1.632000e+00 -5.845247417900353e+00 -5.843319303642166e-02 -9.963866909378183e-01 8.493269171517276e-02 8.236166488126299e-02
-1.631000e+00 -5.847636652208384e+00 -5.844387206655245e-02 -9.963983391698431e-01 8.479592973473558e-02 8.080609804398857e-02
-1.630000e+00 -5.850022017648547e+00 -5.845448793745561e-02 -9.964097738333415e-01 8.466145881916561e-02 7.927138184614151e-02
-1.629000e+00 -5.852403529649338e+00 -5.846504096392888e-02 -9.964209975725724e-01 8.452925881894240e-02 7.775742268056639e-02
-1.628000e+00 -5.854781203642444e+00 -5.847553145676702e-02 -9.964320130145823e-01 8.439930947411470e-02 7.626412333365676e-02
-1.627000e+00 -5.857155055065503e+00 -5.848595972275274e-02 -9.964428227691035e-01 8.427159042014695e-02 7.479138306186545e-02
-1.626000e+00 -5.859525099364988e+00 -5.849632606464585e-02 -9.964534294284570e-01 8.414608119376100e-02 7.333909766966808e-02
-1.625000e+00 -5.861891351999068e+00 -5.850663078117113e-02 -9.964638355674569e-01 8.402276123879959e-02 7.190715958850248e-02
-1.624000e+00 -5.864253828440619e+00 -5.851687416700497e-02 -9.964740437433197e-01 8.390160991206567e-02 7.049545795677253e-02
-1.623000e+00 -5.866612544180223e+00 -5.852705651276094e-02 -9.964840564955777e-01 8.378260648916576e-02 6.910387870093274e-02
-1.622000e+00 -5.868967514729358e+00 -5.853717810497117e-02 -9.964938763459933e-01 8.366573017034082e-02 6.773230461745247e-02
-1.621000e+00 -5.871318755623531e+00 -5.854723922606988e-02 -9.965035057984797e-01 8.355096008628149e-02 6.638061545555302e-02
-1.620000e+00 -5.873666282425679e+00 -5.855724015437045e-02 -9.965129473390238e-01 8.343827530391523e-02 6.504868800054860e-02
-1.619000e+00 -5.876010110729410e+00 -5.856718116404634e-02 -9.965222034356125e-01 8.332765483218514e-02 6.373639615808395e-02
-1.618000e+00 -5.878350256162534e+00 -5.857706252510563e-02 -9.965312765381629e-01 8.321907762778624e-02 6.244361103871841e-02
-1.617000e+00 -5.880686734390655e+00 -5.858688450336486e-02 -9.965401690784566e-01 8.311252260087731e-02 6.117020104305729e-02
-1.616000e+00 -5.883019561120726e+00 -5.859664736042267e-02 -9.965488834700759e-01 8.300796862076061e-02 5.991603194717657e-02
-1.615000e+00 -5.885348752104917e+00 -5.860635135362843e-02 -9.965574221083462e-01 8.290539452151124e-02 5.868096698856552e-02
-1.614000e+00 -5.887674323144350e+00 -5.861599673605274e-02 -9.965657873702797e-01 8.280477910757621e-02 5.746486695197624e-02
-1.613000e+00 -5.889996290093191e+00 -5.862558375645047e-02 -9.965739816145235e-01 8.270610115931856e-02 5.626759025572903e-02
-1.612000e+00 -5.892314668862598e+00 -5.863511265922804e-02 -9.965820071813116e-01 8.260933943851764e-02 5.508899303777638e-02
-1.611000e+00 -5.894629475425023e+00 -5.864458368440285e-02 -9.965898663924200e-01 8.251447269381555e-02 5.392892924217699e-02
-1.610000e+00 -5.896940725818442e+00 -5.865399706756345e-02 -9.965975615511261e-01 8.242147966610108e-02 5.278725070488132e-02
-1.609000e+00 -5.899248436150852e+00 -5.866335303982651e-02 -9.966050949421705e-01 8.233033909384400e-02 5.166380723996841e-02
-1.608000e+00 -5.901552622604775e+00 -5.867265182779237e-02 -9.966124688317236e-01 8.224102971836311e-02 5.055844672520483e-02
-1.607000e+00 -5.903853301442004e+00 -5.868189365349533e-02 -9.966196854673551e-01 8.215353028902758e-02 4.947101518758090e-02
-1.606000e+00 -5.906150489008443e+00 -5.869107873435433e-02 -9.966267470780069e-01 8.206781956839326e-02 4.840135688824669e-02
-1.605000e+00 -5.908444201739036e+00 -5.870020728311996e-02 -9.966336558739703e-01 8.198387633726852e-02 4.734931440722060e-02
-1.604000e+00 -5.910734456162944e+00 -5.870927950781787e-02 -9.966404140468657e-01 8.190167939970580e-02 4.631472872741697e-02
-1.603000e+00 -5.913021268908838e+00 -5.871829561169063e-02 -9.966470237696263e-01 8.182120758792255e-02 4.529743931827401e-02
-1.602000e+00 -5.915304656710278e+00 -5.872725579313578e-02 -9.966534871964857e-01 8.174243976713935e-02 4.429728421858956e-02
-1.601000e+00 -5.917584636411407e+00 -5.873616024564058e-02 -9.966598064629681e-01 8.166535484034147e-02 4.331410011879495e-02
-1.600000e+00 -5.919861224972644e+00 -5.874500915771606e-02 -9.966659836858821e-01 8.158993175296153e-02 4.234772244244919e-02
-1.599000e+00 -5.922134439476721e+00 -5.875380271282359e-02 -9.966720209633184e-01 8.151614949747397e-02 4.139798542690556e-02
-1.598000e+00 -5.924404297134749e+00 -5.876254108930293e-02 -9.966779203746503e-01 8.144398711790969e-02 4.046472220328201e-02
-1.597000e+00 -5.926670815292598e+00 -5.877122446029316e-02 -9.966836839805373e-01 8.137342371428398e-02 3.954776487522873e-02
-1.596000e+00 -5.928934011437377e+00 -5.877985299365256e-02 -9.966893138229332e-01 8.130443844692962e-02 3.864694459718449e-02
-1.595000e+00 -5.931193903204189e+00 -5.878842685187306e-02 -9.966948119250955e-01 8.123701054075379e-02 3.776209165121217e-02
-1.594000e+00 -5.933450508383030e+00 -5.879694619199279e-02 -9.967001802915996e-01 8.117111928939327e-02 3.689303552316996e-02
-1.593000e+00 -5.935703844925976e+00 -5.880541116550309e-02 -9.967054209083553e-01 8.110674405928386e-02 3.603960497757926e-02
-1.592000e+00 -5.937953930954487e+00 -5.881382191825334e-02 -9.967105357426269e-01 8.104386429363834e-02 3.520162813146899e-02
-1.591000e+00 -5.940200784767019e+00 -5.882217859035080e-02 -9.967155267430554e-01 8.098245951632757e-02 3.437893252714316e-02
-1.590000e+00 -5.942444424846888e+00 -5.883048131605596e-02 -9.967203958396849e-01 8.092250933567205e-02 3.357134520360283e-02
-1.589000e+00 -5.944684869870279e+00 -5.883873022367487e-02 -9.967251449439909e-01 8.086399344813730e-02 3.277869276701278e-02
-1.588000e+00 -5.946922138714580e+00 -5.884692543544615e-02 -9.967297759489121e-01 8.080689164193552e-02 3.200080145970185e-02
-1.587000e+00 -5.949156250466926e+00 -5.885506706742451e-02 -9.967342907288848e-01 8.075118380053101e-02 3.123749722804514e-02
-1.586000e+00 -5.951387224433054e+00 -5.886315522935830e-02 -9.967386911398796e-01 8.069684990605171e-02 3.048860578892371e-02
-1.585000e+00 -5.953615080146347e+00 -5.887119002456485e-02 -9.967429790194416e-01 8.064387004260773e-02 2.975395269515393e-02
-1.584000e+00 -5.955839837377225e+00 -5.887917154979788e-02 -9.967471561867329e-01 8.059222439950843e-02 2.903336339925710e-02
-1.583000e+00 -5.958061516142774e+00 -5.888709989511309e-02 -9.967512244425770e-01 8.054189327439147e-02 2.832666331606950e-02
-1.582000e+00 -5.960280136716658e+00 -5.889497514372687e-02 -9.967551855695068e-01 8.049285707625316e-02 2.763367788398256e-02
-1.581000e+00 -5.962495719639317e+00 -5.890279737187151e-02 -9.967590413318140e-01 8.044509632838459e-02 2.695423262475682e-02
-1.580000e+00 -5.964708285728475e+00 -5.891056664864360e-02 -9.967627934756016e-01 8.039859167121730e-02 2.628815320209961e-02
-1.579000e+00 -5.966917856089949e+00 -5.891828303584920e-02 -9.967664437288383e-01 8.035332386506887e-02 2.563526547851388e-02
-1.578000e+00 -5.969124452128729e+00 -5.892594658784208e-02 -9.967699938014151e-01 8.030927379280096e-02 2.499539557102750e-02
-1.577000e+00 -5.971328095560350e+00 -5.893355735135879e-02 -9.967734453852037e-01 8.026642246238605e-02 2.436836990559971e-02
-1.576000e+00 -5.973528808422650e+00 -5.894111536534537e-02 -9.967768001541186e-01 8.022475100937548e-02 2.375401526965644e-02
-1.575000e+00 -5.975726613087740e+00 -5.894862066078248e-02 -9.967800597641783e-01 8.018424069928737e-02 2.315215886371139e-02
-1.574000e+00 -5.977921532274297e+00 -5.895607326050256e-02 -9.967832258535709e-01 8.014487292989476e-02 2.256262835121120e-02
-1.573000e+00 -5.980113589060227e+00 -5.896347317900268e-02 -9.967863000427210e-01 8.010662923343335e-02 2.198525190719238e-02
-1.572000e+00 -5.982302806895528e+00 -5.897082042225213e-02 -9.967892839343567e-01 8.006949127871636e-02 2.141985826529992e-02
-1.571000e+00 -5.984489209615520e+00 -5.897811498749538e-02 -9.967921791135812e-01 8.003344087316470e-02 2.086627676352019e-02
-1.570000e+00 -5.986672821454352e+00 -5.898535686304866e-02 -9.967949871479430e-01 7.999845996475247e-02 2.032433738855437e-02
-1.569000e+00 -5.988853667058724e+00 -5.899254602809379e-02 -9.967977095875099e-01 7.996453064386863e-02 1.979387081860292e-02
-1.568000e+00 -5.991031771501948e+00 -5.899968245246546e-02 -9.968003479649431e-01 7.993163514509352e-02 1.927470846487196e-02
-1.567000e+00 -5.993207160298247e+00 -5.900676609643470e-02 -9.968029037955731e-01 7.989975584889726e-02 1.876668251161470e-02
-1.566000e+00 -5.995379859417218e+00 -5.901379691048912e-02 -9.968053785774773e-01 7.986887528325452e-02 1.826962595490620e-02
-1.565000e+00 -5.997549895298590e+00 -5.902077483510825e-02 -9.968077737915584e-01 7.983897612518238e-02 1.778337263997118e-02
-1.564000e+00 -5.999717294867114e+00 -5.902769980053559e-02 -9.968100909016234e-01 7.981004120220199e-02 1.730775729699855e-02
-1.563000e+00 -6.001882085547603e+00 -5.903457172654946e-02 -9.968123313544658e-01 7.978205349371922e-02 1.684261557590272e-02
-1.562000e+00 -6.004044295280115e+00 -5.904139052222859e-02 -9.968144965799460e-01 7.975499613233507e-02 1.638778407949339e-02
-1.561000e+00 -6.006203952535198e+00 -5.904815608571926e-02 -9.968165879910752e-01 7.972885240507983e-02 1.594310039551894e-02
-1.560000e+00 -6.008361086329128e+00 -5.905486830399973e-02 -9.968186069840987e-01 7.970360575457551e-02 1.550840312722923e-02
