0.95387536e-3
-1.560000e+00 3.590367576720489e+00 1.912981125116477e+00 0.000000000000000e+00 1.423365509309693e+00 3.590367126122346e+00 1.912981203003119e+00 0.000000000000000e+00 1.423365520436674e+00 -1.282390705553733e+02 5
-1.561000e+00 3.590370372611056e+00 1.912977172937854e+00 0.000000000000000e+00 1.424364941192878e+00 3.590369883432081e+00 1.912977257428647e+00 0.000000000000000e+00 1.424364953263413e+00 -1.265147618382123e+02 5
-1.562000e+00 3.590373097913271e+00 1.912973321156894e+00 0.000000000000000e+00 1.425364387405640e+00 3.590372567051558e+00 1.912973412775424e+00 0.000000000000000e+00 1.425364400494540e+00 -1.248215583721838e+02 5
-1.563000e+00 3.590375754476298e+00 1.912969567144173e+00 0.000000000000000e+00 1.426363847572563e+00 3.590375178597705e+00 1.912969666452433e+00 0.000000000000000e+00 1.426363861760124e+00 -1.231588086400572e+02 5
-1.564000e+00 3.590378320227854e+00 1.912965908345765e+00 0.000000000000000e+00 1.427363321329000e+00 3.590377719618309e+00 1.912966015946760e+00 0.000000000000000e+00 1.427363336701374e+00 -1.215258733218470e+02 5
-1.565000e+00 3.590380868517742e+00 1.912962342281466e+00 0.000000000000000e+00 1.428362808320794e+00 3.590380191592364e+00 1.912962458821825e+00 0.000000000000000e+00 1.428362824970393e+00 -1.199221271444970e+02 5
-1.566000e+00 3.590383329434677e+00 1.912958866542579e+00 0.000000000000000e+00 1.429362308204042e+00 3.590382595930322e+00 1.912958992715625e+00 0.000000000000000e+00 1.429362326229920e+00 -1.183469560833634e+02 5
-1.567000e+00 3.590385728492189e+00 1.912955478790281e+00 0.000000000000000e+00 1.430361820644772e+00 3.590384933974297e+00 1.912955615338993e+00 0.000000000000000e+00 1.430361840153088e+00 -1.167997600536963e+02 5
-1.568000e+00 3.590388067287648e+00 1.912952176753606e+00 0.000000000000000e+00 1.431361345318702e+00 3.590387206998177e+00 1.912952324473884e+00 0.000000000000000e+00 1.431361366423181e+00 -1.152799514911818e+02 5
-1.569000e+00 3.590390347372059e+00 1.912948958227570e+00 0.000000000000000e+00 1.432360881910972e+00 3.590389416207663e+00 1.912949117971687e+00 0.000000000000000e+00 1.432360904733387e+00 -1.137869550227959e+02 5
-1.570000e+00 3.590392546441743e+00 1.912945821071307e+00 0.000000000000000e+00 1.433360430115869e+00 3.590391562740223e+00 1.912945993751582e+00 0.000000000000000e+00 1.433360454786569e+00 -1.123202079585963e+02 5
-1.571000e+00 3.590394737387716e+00 1.912942763206374e+00 0.000000000000000e+00 1.434359989636558e+00 3.590393647664933e+00 1.912942949798922e+00 0.000000000000000e+00 1.434360016295034e+00 -1.108791600137751e+02 5
-1.572000e+00 3.590396850200710e+00 1.912939782614693e+00 0.000000000000000e+00 1.435359560184870e+00 3.590395671982223e+00 1.912939984163663e+00 0.000000000000000e+00 1.435359588980307e+00 -1.094632724762321e+02 5
-1.573000e+00 3.590398886288671e+00 1.912936877337020e+00 0.000000000000000e+00 1.436359141481004e+00 3.590397636623522e+00 1.912937094958837e+00 0.000000000000000e+00 1.436359172572918e+00 -1.080720194179504e+02 5
-1.574000e+00 3.590400894559747e+00 1.912934045471203e+00 0.000000000000000e+00 1.437358733253288e+00 3.590399542450776e+00 1.912934280359074e+00 0.000000000000000e+00 1.437358766812183e+00 -1.067048861194162e+02 5
-1.575000e+00 3.590402876283596e+00 1.912931285170381e+00 0.000000000000000e+00 1.438358335237968e+00 3.590401390255864e+00 1.912931538599167e+00 0.000000000000000e+00 1.438358371446008e+00 -1.053613698903909e+02 5
-1.576000e+00 3.590404761441204e+00 1.912928594641288e+00 0.000000000000000e+00 1.439357947178955e+00 3.590403180759862e+00 1.912928867972692e+00 0.000000000000000e+00 1.439357986230692e+00 -1.040409790992296e+02 5
-1.577000e+00 3.590406646278510e+00 1.912925972142928e+00 0.000000000000000e+00 1.440357568827555e+00 3.590404914612199e+00 1.912926266830685e+00 0.000000000000000e+00 1.440357610930729e+00 -1.027432336895339e+02 5
-1.578000e+00 3.590408460734225e+00 1.912923415984612e+00 0.000000000000000e+00 1.441357199942320e+00 3.590406592389663e+00 1.912923733580357e+00 0.000000000000000e+00 1.441357245318637e+00 -1.014676647639587e+02 5
-1.579000e+00 3.590410229713694e+00 1.912920924524713e+00 0.000000000000000e+00 1.442356840288779e+00 3.590408214595264e+00 1.912921266683875e+00 0.000000000000000e+00 1.442356889174776e+00 -1.002138141266188e+02 5
-1.580000e+00 3.590411954338673e+00 1.912918496169038e+00 0.000000000000000e+00 1.443356489639223e+00 3.590409781656950e+00 1.912918864657206e+00 0.000000000000000e+00 1.443356542287184e+00 -9.898123436679320e+01 5
-1.581000e+00 3.590413635698548e+00 1.912916129369405e+00 0.000000000000000e+00 1.444356147772522e+00 3.590413572577830e+00 1.912916140062142e+00 0.000000000000000e+00 1.444356149300260e+00 -9.776949486893143e+01 6
-1.582000e+00 3.590415274851367e+00 1.912913822622206e+00 0.000000000000000e+00 1.445355814473905e+00 3.590415205126720e+00 1.912913834419505e+00 0.000000000000000e+00 1.445355816159466e+00 -9.657815618453461e+01 6
-1.583000e+00 3.590416872824818e+00 1.912911574467046e+00 0.000000000000000e+00 1.446355489534768e+00 3.590416795840726e+00 1.912911587476710e+00 0.000000000000000e+00 1.446355491393554e+00 -9.540680806986990e+01 6
-1.584000e+00 3.590418430617148e+00 1.912909383485396e+00 0.000000000000000e+00 1.447355172752489e+00 3.590418345656602e+00 1.912909397825113e+00 0.000000000000000e+00 1.447355174801313e+00 -9.425504586726036e+01 6
-1.585000e+00 3.590419949198070e+00 1.912907248299293e+00 0.000000000000000e+00 1.448354863930219e+00 3.590419855477170e+00 1.912907264097476e+00 0.000000000000000e+00 1.448354866187436e+00 -9.312247112551462e+01 6
-1.586000e+00 3.590421429509691e+00 1.912905167570067e+00 0.000000000000000e+00 1.449354562876742e+00 3.590421326171729e+00 1.912905184966779e+00 0.000000000000000e+00 1.449354565362362e+00 -9.200869898429660e+01 6
-1.587000e+00 3.590422872467335e+00 1.912903139997139e+00 0.000000000000000e+00 1.450354269406259e+00 3.590422758576453e+00 1.912903159145062e+00 0.000000000000000e+00 1.450354272142101e+00 -9.091334909541688e+01 6
-1.588000e+00 3.590424278960384e+00 1.912901164316810e+00 0.000000000000000e+00 1.451353983338253e+00 3.590424153494707e+00 1.912901185382319e+00 0.000000000000000e+00 1.451353986348086e+00 -8.983605163734262e+01 6
-1.589000e+00 3.590425649853105e+00 1.912899239301110e+00 0.000000000000000e+00 1.452353704497295e+00 3.590425511697278e+00 1.912899262465414e+00 0.000000000000000e+00 1.452353707807012e+00 -8.877645080047235e+01 6
-1.590000e+00 3.590426985985407e+00 1.912897363756701e+00 0.000000000000000e+00 1.453353432712904e+00 3.590426833922569e+00 1.912897389217067e+00 0.000000000000000e+00 1.453353436350692e+00 -8.773419355464104e+01 6
-1.591000e+00 3.590428288173652e+00 1.912895536523768e+00 0.000000000000000e+00 1.454353167819379e+00 3.590428120876721e+00 1.912895564494861e+00 0.000000000000000e+00 1.454353171815916e+00 -8.670893975287603e+01 6
-1.592000e+00 3.590429557211326e+00 1.912893756474983e+00 0.000000000000000e+00 1.455352909655668e+00 3.590429373233626e+00 1.912893787190290e+00 0.000000000000000e+00 1.455352914044316e+00 -8.570035276854354e+01 6
-1.593000e+00 3.590430793869811e+00 1.912892022514495e+00 0.000000000000000e+00 1.456352658065210e+00 3.590430591634899e+00 1.912892056227856e+00 0.000000000000000e+00 1.456352662882235e+00 -8.470810955868563e+01 6
-1.594000e+00 3.590431998899036e+00 1.912890333576932e+00 0.000000000000000e+00 1.457352412895786e+00 3.590431776689796e+00 1.912890370564204e+00 0.000000000000000e+00 1.457352418180609e+00 -8.373189171588128e+01 6
-1.595000e+00 3.590433149469499e+00 1.912888688626435e+00 0.000000000000000e+00 1.458352173999409e+00 3.590432928974973e+00 1.912888729187284e+00 0.000000000000000e+00 1.458352179794840e+00 -8.277139033206468e+01 6
-1.596000e+00 3.590434316966255e+00 1.912887086655858e+00 0.000000000000000e+00 1.459351941232150e+00 3.590434049034227e+00 1.912887131115571e+00 0.000000000000000e+00 1.459351947584689e+00 -8.182630377327251e+01 6
-1.597000e+00 3.590435431402850e+00 1.912885526685619e+00 0.000000000000000e+00 1.460351714454079e+00 3.590435137378120e+00 1.912885575397307e+00 0.000000000000000e+00 1.460351721414167e+00 -8.089633807633339e+01 6
-1.598000e+00 3.590436517008614e+00 1.912884007763096e+00 0.000000000000000e+00 1.461351493529064e+00 3.590436194483516e+00 1.912884061109793e+00 0.000000000000000e+00 1.461351501151436e+00 -7.998120581766214e+01 6
-1.599000e+00 3.590437574435927e+00 1.912882528961663e+00 0.000000000000000e+00 1.462351278324703e+00 3.590437220793029e+00 1.912882587358711e+00 0.000000000000000e+00 1.462351286668707e+00 -7.908062901211439e+01 6
-1.600000e+00 3.590438604319427e+00 1.912881089379897e+00 0.000000000000000e+00 1.463351068712187e+00 3.590438216714338e+00 1.912881153277493e+00 0.000000000000000e+00 1.463351077842157e+00 -7.819433467170430e+01 6
-1.601000e+00 3.590439607276573e+00 1.912879688140819e+00 0.000000000000000e+00 1.464350864566208e+00 3.590439182619442e+00 1.912879758026712e+00 0.000000000000000e+00 1.464350874551835e+00 -7.732205742175165e+01 6
-1.602000e+00 3.590440583908173e+00 1.912878324391112e+00 0.000000000000000e+00 1.465350665764827e+00 3.590440118843762e+00 1.912878400793528e+00 0.000000000000000e+00 1.465350676681589e+00 -7.646353913503523e+01 6
-1.603000e+00 3.590441534798912e+00 1.912876997300406e+00 0.000000000000000e+00 1.466350472189379e+00 3.590441025685140e+00 1.912877080791165e+00 0.000000000000000e+00 1.466350484118987e+00 -7.561852703738742e+01 6
-1.604000e+00 3.590442460517826e+00 1.912875706060559e+00 0.000000000000000e+00 1.467350283724380e+00 3.590441903402721e+00 1.912875797258417e+00 0.000000000000000e+00 1.467350296755251e+00 -7.478677704903974e+01 6
-1.605000e+00 3.590443361618808e+00 1.912874449884984e+00 0.000000000000000e+00 1.468350100257426e+00 3.590442752215706e+00 1.912874549459205e+00 0.000000000000000e+00 1.468350114485186e+00 -7.396804927496518e+01 6
-1.606000e+00 3.590444238641056e+00 1.912873228007975e+00 0.000000000000000e+00 1.469349921679080e+00 3.590443572301920e+00 1.912873336682164e+00 0.000000000000000e+00 1.469349937207133e+00 -7.316211083887499e+01 6
-1.607000e+00 3.590445092109524e+00 1.912872039684075e+00 0.000000000000000e+00 1.470349747882812e+00 3.590444363796320e+00 1.912872158240267e+00 0.000000000000000e+00 1.470349764822900e+00 -7.236873521823053e+01 6
-1.608000e+00 3.590445922535369e+00 1.912870884187451e+00 0.000000000000000e+00 1.471349578764888e+00 3.590445126789287e+00 1.912871013470491e+00 0.000000000000000e+00 1.471349597237734e+00 -7.158770132490291e+01 6
-1.609000e+00 3.590446730416361e+00 1.912869760811301e+00 0.000000000000000e+00 1.472349414224288e+00 3.590445861324752e+00 1.912869901733515e+00 0.000000000000000e+00 1.472349434360255e+00 -7.081879398813810e+01 6
-1.610000e+00 3.590447516237316e+00 1.912868668867270e+00 0.000000000000000e+00 1.473349254162631e+00 3.590446567398194e+00 1.912868822413468e+00 0.000000000000000e+00 1.473349276102441e+00 -7.006180373426896e+01 6
-1.611000e+00 3.590448280470427e+00 1.912867607684891e+00 0.000000000000000e+00 1.474349098484077e+00 3.590447244954434e+00 1.912867774917695e+00 0.000000000000000e+00 1.474349122379581e+00 -6.931652657376694e+01 6
-1.612000e+00 3.590449000193427e+00 1.912866576611009e+00 0.000000000000000e+00 1.475348947095297e+00 3.590448961342180e+00 1.912866586640853e+00 0.000000000000000e+00 1.475348948528434e+00 -6.858276441168198e+01 7
-1.613000e+00 3.590449722629638e+00 1.912865575009391e+00 0.000000000000000e+00 1.476348799905326e+00 3.590449676681128e+00 1.912865586157948e+00 0.000000000000000e+00 1.476348801498313e+00 -6.786032294346325e+01 7
-1.614000e+00 3.590450448184190e+00 1.912864602260041e+00 0.000000000000000e+00 1.477348656825535e+00 3.590450371007233e+00 1.912864614645695e+00 0.000000000000000e+00 1.477348658595302e+00 -6.714901347287328e+01 7
-1.615000e+00 3.590451107198951e+00 1.912863657758711e+00 0.000000000000000e+00 1.478348517769585e+00 3.590451044666537e+00 1.912863671511770e+00 0.000000000000000e+00 1.478348519734732e+00 -6.644865482906550e+01 7
-1.616000e+00 3.590451793512540e+00 1.912862740916717e+00 0.000000000000000e+00 1.479348382653284e+00 3.590451697986451e+00 1.912862756180310e+00 0.000000000000000e+00 1.479348384834282e+00 -6.575906650141943e+01 7
-1.617000e+00 3.590452437477222e+00 1.912861851160043e+00 0.000000000000000e+00 1.480348251394609e+00 3.590452331275447e+00 1.912861868091547e+00 0.000000000000000e+00 1.480348253813935e+00 -6.508007434859690e+01 7
-1.618000e+00 3.590453062837839e+00 1.912860987929247e+00 0.000000000000000e+00 1.481348123913570e+00 3.590452944822502e+00 1.912861006701477e+00 0.000000000000000e+00 1.481348126595919e+00 -6.441151160445746e+01 7
-1.619000e+00 3.590453669978669e+00 1.912860150678881e+00 0.000000000000000e+00 1.482348000132191e+00 3.590453538896607e+00 1.912860171481538e+00 0.000000000000000e+00 1.482348003104671e+00 -6.375321295159487e+01 7
-1.620000e+00 3.590454235976829e+00 1.912859338877054e+00 0.000000000000000e+00 1.483347879974439e+00 3.590454113746111e+00 1.912859361918317e+00 0.000000000000000e+00 1.483347883266790e+00 -6.310501799883706e+01 7
-1.621000e+00 3.590454831090633e+00 1.912858552005207e+00 0.000000000000000e+00 1.484347763366153e+00 3.590454669598005e+00 1.912858577513287e+00 0.000000000000000e+00 1.484347767011001e+00 -6.246677177306729e+01 7
-1.622000e+00 3.590455385783631e+00 1.912857789557412e+00 0.000000000000000e+00 1.485347650235025e+00 3.590455206657112e+00 1.912857817782553e+00 0.000000000000000e+00 1.485347654268118e+00 -6.183832158068641e+01 7
-1.623000e+00 3.590455923701143e+00 1.912857051040295e+00 0.000000000000000e+00 1.486347540510504e+00 3.590455725105149e+00 1.912857082256630e+00 0.000000000000000e+00 1.486347544971014e+00 -6.121952156009365e+01 7
-1.624000e+00 3.590456445182360e+00 1.912856335972527e+00 0.000000000000000e+00 1.487347434123769e+00 3.590456225099733e+00 1.912856370480247e+00 0.000000000000000e+00 1.487347439054592e+00 -6.061022722609600e+01 7
-1.625000e+00 3.590456950558241e+00 1.912855643884487e+00 0.000000000000000e+00 1.488347331007668e+00 3.590456706773224e+00 1.912855682012172e+00 0.000000000000000e+00 1.488347336455758e+00 -6.001029986076136e+01 7
-1.626000e+00 3.590457440151737e+00 1.912854974317943e+00 0.000000000000000e+00 1.489347231096684e+00 3.590457170231469e+00 1.912855016425066e+00 0.000000000000000e+00 1.489347237113405e+00 -5.941960389405954e+01 7
-1.627000e+00 3.590457914278010e+00 1.912854326825715e+00 0.000000000000000e+00 1.490347134326868e+00 3.590457615552388e+00 1.912854373305353e+00 0.000000000000000e+00 1.490347140968388e+00 -5.883800764835846e+01 7
-1.628000e+00 3.590458373244732e+00 1.912853700971328e+00 0.000000000000000e+00 1.491347040635799e+00 3.590458042784442e+00 1.912853752253127e+00 0.000000000000000e+00 1.491347047963516e+00 -5.826538286180874e+01 7
-1.629000e+00 3.590458817352181e+00 1.912853096328755e+00 0.000000000000000e+00 1.492346949962564e+00 3.590458451944941e+00 1.912853152882082e+00 0.000000000000000e+00 1.492346958043544e+00 -5.770160540154303e+01 7
-1.630000e+00 3.590459223703368e+00 1.912852512482035e+00 0.000000000000000e+00 1.493346862247674e+00 3.590458843018188e+00 1.912852574819468e+00 0.000000000000000e+00 1.493346871155155e+00 -5.714655435258884e+01 7
-1.631000e+00 3.590459662155160e+00 1.912851949025171e+00 0.000000000000000e+00 1.494346777433045e+00 3.590459215953437e+00 1.912852017706079e+00 0.000000000000000e+00 1.494346787246974e+00 -5.660011199936316e+01 7
-1.632000e+00 3.590460063416530e+00 1.912851405561527e+00 0.000000000000000e+00 1.495346695461976e+00 3.590459570662663e+00 1.912851481196268e+00 0.000000000000000e+00 1.495346706269559e+00 -5.606216471247629e+01 7
-1.633000e+00 3.590460427793102e+00 1.912850881703847e+00 0.000000000000000e+00 1.496346616279072e+00 3.590459907018159e+00 1.912850964957997e+00 0.000000000000000e+00 1.496346628175412e+00 -5.553260157309520e+01 7
-1.634000e+00 3.590460825024411e+00 1.912850377073947e+00 0.000000000000000e+00 1.497346539830224e+00 3.590453808369392e+00 1.912851447960698e+00 0.000000000000000e+00 1.497346692851307e+00 -5.501131216313193e+01 6
-1.635000e+00 3.590461185898165e+00 1.912849891302264e+00 0.000000000000000e+00 1.498346466062589e+00 3.590460523942437e+00 1.912849992036454e+00 0.000000000000000e+00 1.498346480456719e+00 -5.449820122285293e+01 7
-1.636000e+00 3.590461533826547e+00 1.912849424027833e+00 0.000000000000000e+00 1.499346394924529e+00 3.590460804032253e+00 1.912849534758021e+00 0.000000000000000e+00 1.499346410747021e+00 -5.399315876823349e+01 7
-1.637000e+00 3.590461869058272e+00 1.912848974897947e+00 0.000000000000000e+00 1.500346326365583e+00 3.590461796309172e+00 1.912848985903029e+00 0.000000000000000e+00 1.500346327938127e+00 -5.349609005396922e+01 8
-1.638000e+00 3.590462191836436e+00 1.912848543567938e+00 0.000000000000000e+00 1.501346260336450e+00 3.590461305886298e+00 1.912848677183672e+00 0.000000000000000e+00 1.501346279429144e+00 -5.300689927603129e+01 7
-1.639000e+00 3.590462479306680e+00 1.912848129700913e+00 0.000000000000000e+00 1.502346196788938e+00 3.590461526849162e+00 1.912848276378131e+00 0.000000000000000e+00 1.502346217748030e+00 -5.252549538320584e+01 7
-1.640000e+00 3.590462800977103e+00 1.912847732967716e+00 0.000000000000000e+00 1.503346135675934e+00 3.590461727198162e+00 1.912847893911927e+00 0.000000000000000e+00 1.503346158673699e+00 -5.205178911276396e+01 7
-1.641000e+00 3.590463087798903e+00 1.912847353046379e+00 0.000000000000000e+00 1.504346076951392e+00 3.590462972829785e+00 1.912847370224317e+00 0.000000000000000e+00 1.504346079405996e+00 -5.158569479305447e+01 8
-1.642000e+00 3.590463363086025e+00 1.912846989622253e+00 0.000000000000000e+00 1.505346020570286e+00 3.590462063729301e+00 1.912847183143972e+00 0.000000000000000e+00 1.505346048223184e+00 -5.112712812674254e+01 7
-1.643000e+00 3.590463604007752e+00 1.912846642387610e+00 0.000000000000000e+00 1.506345966488589e+00 3.590463482960244e+00 1.912846663779301e+00 0.000000000000000e+00 1.506345969545307e+00 -5.067601035835619e+01 8
-1.644000e+00 3.590463879919842e+00 1.912846311041620e+00 0.000000000000000e+00 1.507345914663233e+00 3.590462310058455e+00 1.912846543332119e+00 0.000000000000000e+00 1.507345947855965e+00 -5.023226245186417e+01 7
-1.645000e+00 3.590464121886521e+00 1.912845995289894e+00 0.000000000000000e+00 1.508345865052112e+00 3.590462397334728e+00 1.912846249623412e+00 0.000000000000000e+00 1.508345901394665e+00 -4.979581091408849e+01 7
-1.646000e+00 3.590464353158749e+00 1.912845694844591e+00 0.000000000000000e+00 1.509345817614028e+00 3.590462459396184e+00 1.912845973195000e+00 0.000000000000000e+00 1.509345857388458e+00 -4.936658346579674e+01 7
-1.647000e+00 3.590464573935286e+00 1.912845409424086e+00 0.000000000000000e+00 1.510345772308671e+00 3.590464348908192e+00 1.912845442386702e+00 0.000000000000000e+00 1.510345777018814e+00 -4.894451152532683e+01 8
-1.648000e+00 3.590464784410616e+00 1.912845138752834e+00 0.000000000000000e+00 1.511345729096604e+00 3.590462503367603e+00 1.912845471736370e+00 0.000000000000000e+00 1.511345776677806e+00 -4.852952718072493e+01 7
-1.649000e+00 3.590464961794031e+00 1.912844882561177e+00 0.000000000000000e+00 1.512345687939244e+00 3.590462482728502e+00 1.912845246533652e+00 0.000000000000000e+00 1.512345739948583e+00 -4.812156839580904e+01 7
-1.650000e+00 3.590465152245043e+00 1.912844640585316e+00 0.000000000000000e+00 1.513345648798807e+00 3.590462431757853e+00 1.912845038267942e+00 0.000000000000000e+00 1.513345705625144e+00 -4.772057374331491e+01 7
-1.651000e+00 3.590465355912408e+00 1.912844412566975e+00 0.000000000000000e+00 1.514345611638326e+00 3.590462348842440e+00 1.912844846905831e+00 0.000000000000000e+00 1.514345673702646e+00 -4.732648512015354e+01 7
-1.652000e+00 3.590465504098787e+00 1.912844198253261e+00 0.000000000000000e+00 1.515345576421619e+00 3.590465138384836e+00 1.912844254188373e+00 0.000000000000000e+00 1.515345584414394e+00 -4.693924769272249e+01 8
-1.653000e+00 3.590465688790903e+00 1.912843997396777e+00 0.000000000000000e+00 1.516345543113232e+00 3.590462079937268e+00 1.912844514874735e+00 0.000000000000000e+00 1.516345617057687e+00 -4.655880717533215e+01 7
-1.654000e+00 3.590465818392943e+00 1.912843809755073e+00 0.000000000000000e+00 1.517345511678491e+00 3.590461889896217e+00 1.912844374258487e+00 0.000000000000000e+00 1.517345592342626e+00 -4.618511535451974e+01 7
-1.655000e+00 3.590465961880856e+00 1.912843635090925e+00 0.000000000000000e+00 1.518345482083404e+00 3.590461659780196e+00 1.912844250653940e+00 0.000000000000000e+00 1.518345570043686e+00 -4.581812460821585e+01 7
-1.656000e+00 3.590466096482690e+00 1.912843473171882e+00 0.000000000000000e+00 1.519345454294696e+00 3.590461387068148e+00 1.912844144155147e+00 0.000000000000000e+00 1.519345550174236e+00 -4.545779063343730e+01 7
-1.657000e+00 3.590466245250163e+00 1.912843323770325e+00 0.000000000000000e+00 1.520345428279755e+00 3.590465581557416e+00 1.912843417513250e+00 0.000000000000000e+00 1.520345441675078e+00 -4.510407262254392e+01 8
-1.658000e+00 3.590466362547675e+00 1.912843186663192e+00 0.000000000000000e+00 1.521345404006661e+00 3.590465624853498e+00 1.912843290454920e+00 0.000000000000000e+00 1.521345418837903e+00 -4.475693068523464e+01 8
-1.659000e+00 3.590466471431849e+00 1.912843061632012e+00 0.000000000000000e+00 1.522345381444108e+00 3.590465651833513e+00 1.912843176495876e+00 0.000000000000000e+00 1.522345397857504e+00 -4.441632989345261e+01 8
-1.660000e+00 3.590466572053962e+00 1.912842948462715e+00 0.000000000000000e+00 1.523345360561444e+00 3.590465661839652e+00 1.912843075520966e+00 0.000000000000000e+00 1.523345378717354e+00 -4.408223714382564e+01 8
-1.661000e+00 3.590466664562290e+00 1.912842846945486e+00 0.000000000000000e+00 1.524345341328606e+00 3.590465654131216e+00 1.912842987428455e+00 0.000000000000000e+00 1.524345361402842e+00 -4.375462295053424e+01 8
-1.662000e+00 3.590466726268263e+00 1.912842756874672e+00 0.000000000000000e+00 1.525345323716149e+00 3.590465627877043e+00 1.912842912130717e+00 0.000000000000000e+00 1.525345345901375e+00 -4.343346045508303e+01 8
-1.663000e+00 3.590466825816102e+00 1.912842678048801e+00 0.000000000000000e+00 1.526345307695185e+00 3.590465582147085e+00 1.912842849555025e+00 0.000000000000000e+00 1.526345332202486e+00 -4.311872596702964e+01 8
-1.664000e+00 3.590466894843775e+00 1.912842610270199e+00 0.000000000000000e+00 1.527345293237415e+00 3.590465515903223e+00 1.912842799644411e+00 0.000000000000000e+00 1.527345320297961e+00 -4.281039882886029e+01 8
-1.665000e+00 3.590466956322169e+00 1.912842553345144e+00 0.000000000000000e+00 1.528345280315077e+00 3.590465427989125e+00 1.912842762358624e+00 0.000000000000000e+00 1.528345310181973e+00 -4.250846187843909e+01 8
-1.666000e+00 3.590467010385650e+00 1.912842507083669e+00 0.000000000000000e+00 1.529345268900940e+00 3.590465317119118e+00 1.912842737675195e+00 0.000000000000000e+00 1.529345301851234e+00 -4.221290089172759e+01 8
-1.667000e+00 3.590467057165973e+00 1.912842471299464e+00 0.000000000000000e+00 1.530345258968318e+00 3.590465181865919e+00 1.912842725590596e+00 0.000000000000000e+00 1.530345295305165e+00 -4.192370516557909e+01 8
-1.668000e+00 3.590467096792411e+00 1.912842445809800e+00 0.000000000000000e+00 1.531345250491011e+00 3.590465020647110e+00 1.912842726121543e+00 0.000000000000000e+00 1.531345290546078e+00 -4.164086746607475e+01 8
-1.669000e+00 3.590467129391777e+00 1.912842430435407e+00 0.000000000000000e+00 1.532345243443335e+00 3.590464831710274e+00 1.912842739306411e+00 0.000000000000000e+00 1.532345287579377e+00 -4.136438388065645e+01 8
-1.670000e+00 3.590467132346826e+00 1.912842425000400e+00 0.000000000000000e+00 1.533345237800081e+00 3.590464613116545e+00 1.912842765206824e+00 0.000000000000000e+00 1.533345286413790e+00 -4.109425414312562e+01 8
-1.671000e+00 3.590467174004735e+00 1.912842429332314e+00 0.000000000000000e+00 1.534345233536499e+00 3.590464362722468e+00 1.912842803909386e+00 0.000000000000000e+00 1.534345287061614e+00 -4.083048152350994e+01 8
-1.672000e+00 3.590467186260286e+00 1.912842443261715e+00 0.000000000000000e+00 1.535345230628326e+00 3.590464078159944e+00 1.912842855527611e+00 0.000000000000000e+00 1.535345289538987e+00 -4.057307321872271e+01 8
-1.673000e+00 3.590467169266062e+00 1.912842466622432e+00 0.000000000000000e+00 1.536345229051740e+00 3.590463756814089e+00 1.912842920204049e+00 0.000000000000000e+00 1.536345293866201e+00 -4.032203988285614e+01 8
-1.674000e+00 3.590467168562756e+00 1.912842499251381e+00 0.000000000000000e+00 1.537345228783331e+00 3.590463395798621e+00 1.912842998112649e+00 0.000000000000000e+00 1.537345300068031e+00 -4.007739621644236e+01 8
-1.675000e+00 3.590467184228714e+00 1.912842540988441e+00 0.000000000000000e+00 1.538345229800144e+00 3.590466473130661e+00 1.912842634020351e+00 0.000000000000000e+00 1.538345243093932e+00 -3.983916044826771e+01 9
-1.676000e+00 3.590467170996821e+00 1.912842591676317e+00 0.000000000000000e+00 1.539345232079634e+00 3.590466374198330e+00 1.912842695433675e+00 0.000000000000000e+00 1.539345246906034e+00 -3.960735479823386e+01 9
-1.677000e+00 3.590467151671505e+00 1.912842651160670e+00 0.000000000000000e+00 1.540345235599651e+00 3.590466259172830e+00 1.912842766832197e+00 0.000000000000000e+00 1.540345252128529e+00 -3.938200517869910e+01 9
-1.678000e+00 3.590467126360189e+00 1.912842719289872e+00 0.000000000000000e+00 1.541345240338448e+00 3.590466127022117e+00 1.912842848192097e+00 0.000000000000000e+00 1.541345258757928e+00 -3.916314119929169e+01 9
-1.679000e+00 3.590467095168381e+00 1.912842795915029e+00 0.000000000000000e+00 1.542345246274667e+00 3.590465976583226e+00 1.912842939505852e+00 0.000000000000000e+00 1.542345266793074e+00 -3.895079601896440e+01 9
-1.680000e+00 3.590467058199768e+00 1.912842880889866e+00 0.000000000000000e+00 1.543345253387318e+00 3.590465806547348e+00 1.912843040783657e+00 0.000000000000000e+00 1.543345276235337e+00 -3.874500571916834e+01 9
-1.681000e+00 3.590466992943502e+00 1.912842974070657e+00 0.000000000000000e+00 1.544345261655779e+00 3.590465615443121e+00 1.912843152055014e+00 0.000000000000000e+00 1.544345287088847e+00 -3.854580902562859e+01 9
-1.682000e+00 3.590466967337779e+00 1.912843075316290e+00 0.000000000000000e+00 1.545345271059791e+00 3.590465401617757e+00 1.912843273370534e+00 0.000000000000000e+00 1.545345299360751e+00 -3.835324734150986e+01 9
-1.683000e+00 3.590466913642910e+00 1.912843184487944e+00 0.000000000000000e+00 1.546345281579439e+00 3.590465163216014e+00 1.912843404803932e+00 0.000000000000000e+00 1.546345313061491e+00 -3.816736304544848e+01 9
-1.684000e+00 3.590466831991230e+00 1.912843301449258e+00 0.000000000000000e+00 1.547345293195153e+00 3.590464898156358e+00 1.912843546454285e+00 0.000000000000000e+00 1.547345328205140e+00 -3.798819939921672e+01 9
-1.685000e+00 3.590466767643874e+00 1.912843426066273e+00 0.000000000000000e+00 1.548345305887691e+00 3.590464604104323e+00 1.912843698448564e+00 0.000000000000000e+00 1.548345344809752e+00 -3.781579775478586e+01 9
-1.686000e+00 3.590466698105369e+00 1.912843558207208e+00 0.000000000000000e+00 1.549345319638136e+00 3.590464278442517e+00 1.912843860944451e+00 0.000000000000000e+00 1.549345362897768e+00 -3.765019702127328e+01 9
-1.687000e+00 3.590466646008871e+00 1.912843697742566e+00 0.000000000000000e+00 1.550345334427891e+00 3.590463918237078e+00 1.912844034133500e+00 0.000000000000000e+00 1.550345382496471e+00 -3.749143034752647e+01 9
-1.688000e+00 3.590466566350346e+00 1.912843844544927e+00 0.000000000000000e+00 1.551345350238669e+00 3.590466439972096e+00 1.912843860048911e+00 0.000000000000000e+00 1.551345352454110e+00 -3.733952232968635e+01 11
-1.689000e+00 3.590466459254678e+00 1.912843998489037e+00 0.000000000000000e+00 1.552345367052474e+00 3.590463080648249e+00 1.912844413547999e+00 0.000000000000000e+00 1.552345426362313e+00 -3.719448338828686e+01 9
-1.690000e+00 3.590466369855870e+00 1.912844159451782e+00 0.000000000000000e+00 1.553345384851623e+00 3.590465597986375e+00 1.912844255881100e+00 0.000000000000000e+00 1.553345398630883e+00 -3.705630651202850e+01 10
-1.691000e+00 3.590466298203899e+00 1.912844327311983e+00 0.000000000000000e+00 1.554345403618691e+00 3.590465399665951e+00 1.912844435803882e+00 0.000000000000000e+00 1.554345419121641e+00 -3.692495956977362e+01 10
-1.692000e+00 3.590466199385069e+00 1.912844501950395e+00 0.000000000000000e+00 1.555345423336568e+00 3.590465183229044e+00 1.912844623983976e+00 0.000000000000000e+00 1.555345440774555e+00 -3.680037399383255e+01 10
-1.693000e+00 3.590466095987957e+00 1.912844683249757e+00 0.000000000000000e+00 1.556345443988389e+00 3.590464947031182e+00 1.912844820483696e+00 0.000000000000000e+00 1.556345463598433e+00 -3.668243803575082e+01 10
-1.694000e+00 3.590465965637731e+00 1.912844871094646e+00 0.000000000000000e+00 1.557345465557582e+00 3.590464689208726e+00 1.912845025388492e+00 0.000000000000000e+00 1.557345487605390e+00 -3.657097957761156e+01 10
-1.695000e+00 3.590465853341006e+00 1.912845065371543e+00 0.000000000000000e+00 1.558345488027809e+00 3.590464407655287e+00 1.912845238808963e+00 0.000000000000000e+00 1.558345512811134e+00 -3.646575294126536e+01 10
-1.696000e+00 3.590465759140856e+00 1.912845265968675e+00 0.000000000000000e+00 1.559345511383000e+00 3.590464099998014e+00 1.912845460882796e+00 0.000000000000000e+00 1.559345539235242e+00 -3.636641854241543e+01 10
-1.697000e+00 3.590465638238290e+00 1.912845472775944e+00 0.000000000000000e+00 1.560345535607344e+00 3.590463763574897e+00 1.912845691776480e+00 0.000000000000000e+00 1.560345566901410e+00 -3.627252364394409e+01 10
-1.698000e+00 3.590465513155109e+00 1.912845685685052e+00 0.000000000000000e+00 1.561345560685261e+00 3.590463395414947e+00 1.912845931686612e+00 0.000000000000000e+00 1.561345595837629e+00 -3.618348089332434e+01 10
-1.699000e+00 3.590465383967230e+00 1.912845904589346e+00 0.000000000000000e+00 1.562345586601404e+00 3.590462992223250e+00 1.912846180840547e+00 0.000000000000000e+00 1.562345626076288e+00 -3.609854939992621e+01 10
-1.700000e+00 3.590465250749433e+00 1.912846129383789e+00 0.000000000000000e+00 1.563345613340672e+00 3.590462550373100e+00 1.912846439496172e+00 0.000000000000000e+00 1.563345657654137e+00 -3.601682128965842e+01 10
-1.701000e+00 3.590465113575417e+00 1.912846359964943e+00 0.000000000000000e+00 1.564345640888179e+00 3.590462065907436e+00 1.912846707940599e+00 0.000000000000000e+00 1.564345690612105e+00 -3.593721897873586e+01 10
-1.702000e+00 3.590464972517741e+00 1.912846596230929e+00 0.000000000000000e+00 1.565345669229266e+00 3.590464134016636e+00 1.912846691412301e+00 0.000000000000000e+00 1.565345682830195e+00 -3.585850816507279e+01 11
-1.703000e+00 3.590464827647946e+00 1.912846838081374e+00 0.000000000000000e+00 1.566345698349489e+00 3.590463870707826e+00 1.912846946070912e+00 0.000000000000000e+00 1.566345713780636e+00 -3.577933396628183e+01 11
-1.704000e+00 3.590464679036519e+00 1.912847085417404e+00 0.000000000000000e+00 1.567345728234619e+00 3.590463587822214e+00 1.912847207833003e+00 0.000000000000000e+00 1.567345745727171e+00 -3.569827894621951e+01 11
-1.705000e+00 3.590464526752933e+00 1.912847338141589e+00 0.000000000000000e+00 1.568345758870626e+00 3.590464447219869e+00 1.912847347010806e+00 0.000000000000000e+00 1.568345760137990e+00 -3.561394231113376e+01 13
-1.706000e+00 3.590464370865699e+00 1.912847596157918e+00 0.000000000000000e+00 1.569345790243683e+00 3.590462956235311e+00 1.912847752967633e+00 0.000000000000000e+00 1.569345812650968e+00 -3.552502889352365e+01 11
-1.707000e+00 3.590464211442300e+00 1.912847859371767e+00 0.000000000000000e+00 1.570345822340168e+00 3.590464103552367e+00 1.912847871259094e+00 0.000000000000000e+00 1.570345824038805e+00 -3.543044459128604e+01 13
-1.708000e+00 3.590464048549345e+00 1.912848127689860e+00 0.000000000000000e+00 1.571345855146647e+00 3.590462223713536e+00 1.912848327529814e+00 0.000000000000000e+00 1.571345883702713e+00 -3.532935487525241e+01 11
-1.709000e+00 3.590463882252470e+00 1.912848401020265e+00 0.000000000000000e+00 1.572345888649870e+00 3.590461814076984e+00 1.912848626123772e+00 0.000000000000000e+00 1.572345920815956e+00 -3.522123596846490e+01 11
-1.710000e+00 3.590463712616436e+00 1.912848679272323e+00 0.000000000000000e+00 1.573345922836777e+00 3.590463544121106e+00 1.912848697498693e+00 0.000000000000000e+00 1.573345925441228e+00 -3.510586699351548e+01 13
-1.711000e+00 3.590463517457890e+00 1.912848962356626e+00 0.000000000000000e+00 1.574345957694490e+00 3.590460895335041e+00 1.912849246628740e+00 0.000000000000000e+00 1.574345998315431e+00 -3.498331872415263e+01 11
-1.712000e+00 3.590463363581484e+00 1.912849250185115e+00 0.000000000000000e+00 1.575345993210299e+00 3.590462544500868e+00 1.912849337687346e+00 0.000000000000000e+00 1.575346005713893e+00 -3.485388228091088e+01 12
-1.713000e+00 3.590463184307738e+00 1.912849542670772e+00 0.000000000000000e+00 1.576346029371675e+00 3.590462251146350e+00 1.912849641733808e+00 0.000000000000000e+00 1.576346043527241e+00 -3.471803233614835e+01 12
-1.714000e+00 3.590462979735704e+00 1.912849839727843e+00 0.000000000000000e+00 1.577346066166248e+00 3.590461940508715e+00 1.912849951695618e+00 0.000000000000000e+00 1.577346082165825e+00 -3.457635833889954e+01 12
-1.715000e+00 3.590462816554419e+00 1.912850141271833e+00 0.000000000000000e+00 1.578346103581827e+00 3.590462719291331e+00 1.912850151466488e+00 0.000000000000000e+00 1.578346105038584e+00 -3.442951504437266e+01 14
-1.716000e+00 3.590462606010901e+00 1.912850447219163e+00 0.000000000000000e+00 1.579346141606361e+00 3.590461261188843e+00 1.912850589583995e+00 0.000000000000000e+00 1.579346161949497e+00 -3.427818056976610e+01 12
-1.717000e+00 3.590462436926316e+00 1.912850757487602e+00 0.000000000000000e+00 1.580346180227975e+00 3.590462306351665e+00 1.912850770998369e+00 0.000000000000000e+00 1.580346182158587e+00 -3.412302377596657e+01 14
-1.718000e+00 3.590462242806196e+00 1.912851071995803e+00 0.000000000000000e+00 1.581346219434941e+00 3.590462091868550e+00 1.912851087512159e+00 0.000000000000000e+00 1.581346221652141e+00 -3.396469609689796e+01 14
-1.719000e+00 3.590462023746121e+00 1.912851390663557e+00 0.000000000000000e+00 1.582346259215684e+00 3.590460069135704e+00 1.912851592546074e+00 0.000000000000000e+00 1.582346288063543e+00 -3.380379055411013e+01 12
-1.720000e+00 3.590461824107875e+00 1.912851713411764e+00 0.000000000000000e+00 1.583346299558771e+00 3.590461645439059e+00 1.912851733784491e+00 0.000000000000000e+00 1.583346302469912e+00 -3.364086476729903e+01 14
-1.721000e+00 3.590461643909293e+00 1.912852040162277e+00 0.000000000000000e+00 1.584346340452919e+00 3.590459132352510e+00 1.912852293290347e+00 0.000000000000000e+00 1.584346376623459e+00 -3.347642270929904e+01 12
-1.722000e+00 3.590461416843869e+00 1.912852370837857e+00 0.000000000000000e+00 1.585346381886985e+00 3.590460572464733e+00 1.912852457585581e+00 0.000000000000000e+00 1.585346394282725e+00 -3.331091236282774e+01 13
-1.723000e+00 3.590461231423184e+00 1.912852705362438e+00 0.000000000000000e+00 1.586346423849958e+00 3.590460247165352e+00 1.912852803240603e+00 0.000000000000000e+00 1.586346437836177e+00 -3.314473710670944e+01 13
-1.724000e+00 3.590461021377790e+00 1.912853043660713e+00 0.000000000000000e+00 1.587346466330974e+00 3.590459904628829e+00 1.912853153965827e+00 0.000000000000000e+00 1.587346482092925e+00 -3.297825020885348e+01 13
-1.725000e+00 3.590460808868904e+00 1.912853385658414e+00 0.000000000000000e+00 1.588346509319291e+00 3.590459543201548e+00 1.912853509825080e+00 0.000000000000000e+00 1.588346527061971e+00 -3.281176199210409e+01 13
-1.726000e+00 3.590460593949297e+00 1.912853731282169e+00 0.000000000000000e+00 1.589346552804302e+00 3.590459161045628e+00 1.912853870896509e+00 0.000000000000000e+00 1.589346572754357e+00 -3.264554309599365e+01 13
-1.727000e+00 3.590460376671101e+00 1.912854080459498e+00 0.000000000000000e+00 1.590346596775527e+00 3.590460207521554e+00 1.912854096827415e+00 0.000000000000000e+00 1.590346599114404e+00 -3.247982557539125e+01 15
-1.728000e+00 3.590460135055368e+00 1.912854433118753e+00 0.000000000000000e+00 1.591346641222603e+00 3.590458326165416e+00 1.912854609066901e+00 0.000000000000000e+00 1.591346666364524e+00 -3.231481295685014e+01 13
-1.729000e+00 3.590459935244532e+00 1.912854789189283e+00 0.000000000000000e+00 1.592346686135306e+00 3.590457868674596e+00 1.912854986404254e+00 0.000000000000000e+00 1.592346714316115e+00 -3.215067163476915e+01 13
-1.730000e+00 3.590459711197460e+00 1.912855148601092e+00 0.000000000000000e+00 1.593346731503499e+00 3.590459625091569e+00 1.912855156760888e+00 0.000000000000000e+00 1.593346732669486e+00 -3.198754413635628e+01 16
-1.731000e+00 3.590459484994458e+00 1.912855511285122e+00 0.000000000000000e+00 1.594346777317203e+00 3.590459385032339e+00 1.912855520691480e+00 0.000000000000000e+00 1.594346778661313e+00 -3.182554668998113e+01 16
-1.732000e+00 3.590459256684768e+00 1.912855877173106e+00 0.000000000000000e+00 1.595346823566516e+00 3.590459140767944e+00 1.912855888003753e+00 0.000000000000000e+00 1.595346825114152e+00 -3.166477672316950e+01 16
-1.733000e+00 3.590459026317085e+00 1.912856246197547e+00 0.000000000000000e+00 1.596346870241678e+00 3.590457886064098e+00 1.912856351980096e+00 0.000000000000000e+00 1.596346885357337e+00 -3.150530597547717e+01 14
-1.734000e+00 3.590458793939586e+00 1.912856618291740e+00 0.000000000000000e+00 1.597346917333014e+00 3.590458638583824e+00 1.912856632601333e+00 0.000000000000000e+00 1.597346919377764e+00 -3.134718712140580e+01 16
-1.735000e+00 3.590458537660802e+00 1.912856993389709e+00 0.000000000000000e+00 1.598346964830970e+00 3.590457093073613e+00 1.912857127499371e+00 0.000000000000000e+00 1.598346983994378e+00 -3.119046139646011e+01 14
-1.736000e+00 3.590458323345173e+00 1.912857371426333e+00 0.000000000000000e+00 1.599347012726097e+00 3.590456662491911e+00 1.912857522209933e+00 0.000000000000000e+00 1.599347034272099e+00 -3.103514766436405e+01 14
-1.737000e+00 3.590458063309308e+00 1.912857752337017e+00 0.000000000000000e+00 1.600347061009045e+00 3.590456206001154e+00 1.912857921706932e+00 0.000000000000000e+00 1.600347085210898e+00 -3.088125428153180e+01 14
-1.738000e+00 3.590457823377131e+00 1.912858136058093e+00 0.000000000000000e+00 1.601347109670568e+00 3.590455720887739e+00 1.912858326126879e+00 0.000000000000000e+00 1.601347136830143e+00 -3.072877614454352e+01 14
-1.739000e+00 3.590457603554650e+00 1.912858522526502e+00 0.000000000000000e+00 1.602347158701513e+00 3.590455204148745e+00 1.912858735625618e+00 0.000000000000000e+00 1.602347189151965e+00 -3.057769667039171e+01 14
-1.740000e+00 3.590457360101251e+00 1.912858911679813e+00 0.000000000000000e+00 1.603347208092835e+00 3.590456366534742e+00 1.912858999270643e+00 0.000000000000000e+00 1.603347220608979e+00 -3.042798791477205e+01 15
-1.741000e+00 3.590457093101485e+00 1.912859303456338e+00 0.000000000000000e+00 1.604347257835575e+00 3.590455984277931e+00 1.912859402395868e+00 0.000000000000000e+00 1.604347271973364e+00 -3.027961511831625e+01 15
-1.742000e+00 3.590456846332350e+00 1.912859697795100e+00 0.000000000000000e+00 1.605347307920872e+00 3.590456688547384e+00 1.912859713396425e+00 0.000000000000000e+00 1.605347310150191e+00 -3.013253189672610e+01 17
-1.743000e+00 3.590456619797687e+00 1.912860094635722e+00 0.000000000000000e+00 1.606347358339959e+00 3.590456411986890e+00 1.912860112549193e+00 0.000000000000000e+00 1.606347360899669e+00 -2.998669305862565e+01 17
-1.744000e+00 3.590456348041908e+00 1.912860493918373e+00 0.000000000000000e+00 1.607347409084147e+00 3.590454712825491e+00 1.912860635680492e+00 0.000000000000000e+00 1.607347429340970e+00 -2.984203736689948e+01 15
-1.745000e+00 3.590456118413174e+00 1.912860895584045e+00 0.000000000000000e+00 1.608347460144852e+00 3.590454239727670e+00 1.912861055091725e+00 0.000000000000000e+00 1.608347482937386e+00 -2.969850567244493e+01 15
-1.746000e+00 3.590455843702478e+00 1.912861299574131e+00 0.000000000000000e+00 1.609347511513560e+00 3.590453737483401e+00 1.912861478875721e+00 0.000000000000000e+00 1.609347537134494e+00 -2.955603495681744e+01 15
-1.747000e+00 3.590455611149820e+00 1.912861705830844e+00 0.000000000000000e+00 1.610347563181859e+00 3.590454669387528e+00 1.912861784574708e+00 0.000000000000000e+00 1.610347574433802e+00 -2.941455945911308e+01 16
-1.748000e+00 3.590455355418712e+00 1.912862114296789e+00 0.000000000000000e+00 1.611347615141407e+00 3.590455188212810e+00 1.912862128169962e+00 0.000000000000000e+00 1.611347617123786e+00 -2.927401395303265e+01 18
-1.749000e+00 3.590455098343248e+00 1.912862524915279e+00 0.000000000000000e+00 1.612347667383954e+00 3.590454904443332e+00 1.912862540878994e+00 0.000000000000000e+00 1.612347669665054e+00 -2.913433093394259e+01 18
-1.750000e+00 3.590454818225725e+00 1.912862937630124e+00 0.000000000000000e+00 1.613347719901316e+00 3.590454615360273e+00 1.912862955978192e+00 0.000000000000000e+00 1.613347722523118e+00 -2.899544724763962e+01 18
-1.751000e+00 3.590454580322799e+00 1.912863352385825e+00 0.000000000000000e+00 1.614347772685403e+00 3.590452995556593e+00 1.912863480836467e+00 0.000000000000000e+00 1.614347791040058e+00 -2.885730248373434e+01 16
-1.752000e+00 3.590454319458625e+00 1.912863769127260e+00 0.000000000000000e+00 1.615347825728193e+00 3.590454196781088e+00 1.912863778992735e+00 0.000000000000000e+00 1.615347827137897e+00 -2.871983247852086e+01 19
-1.753000e+00 3.590454035713907e+00 1.912864187799926e+00 0.000000000000000e+00 1.616347879021748e+00 3.590453914574380e+00 1.912864199196169e+00 0.000000000000000e+00 1.616347880650181e+00 -2.858298867891972e+01 19
-1.754000e+00 3.590453772537499e+00 1.912864608349928e+00 0.000000000000000e+00 1.617347932558192e+00 3.590452831585583e+00 1.912864684545601e+00 0.000000000000000e+00 1.617347943445979e+00 -2.844671534657000e+01 17
-1.755000e+00 3.590453508257056e+00 1.912865030723794e+00 0.000000000000000e+00 1.618347986329743e+00 3.590452430286280e+00 1.912865117071704e+00 0.000000000000000e+00 1.618347998668201e+00 -2.831096824390834e+01 17
-1.756000e+00 3.590453242911395e+00 1.912865454868604e+00 0.000000000000000e+00 1.619348040328669e+00 3.590453040688689e+00 1.912865472308001e+00 0.000000000000000e+00 1.619348042820622e+00 -2.817570524881467e+01 19
-1.757000e+00 3.590452998181938e+00 1.912865880731968e+00 0.000000000000000e+00 1.620348094547326e+00 3.590452887685180e+00 1.912865889270158e+00 0.000000000000000e+00 1.620348095767366e+00 -2.804089212290709e+01 20
-1.758000e+00 3.590452730807108e+00 1.912866308261915e+00 0.000000000000000e+00 1.621348148978126e+00 3.590452601851788e+00 1.912866318146050e+00 0.000000000000000e+00 1.621348150390491e+00 -2.790649937007660e+01 20
-1.759000e+00 3.590452440866065e+00 1.912866737407017e+00 0.000000000000000e+00 1.622348203613557e+00 3.590452312167580e+00 1.912866748834915e+00 0.000000000000000e+00 1.622348205246512e+00 -2.777249863184191e+01 20
-1.760000e+00 3.590452171640860e+00 1.912867168116389e+00 0.000000000000000e+00 1.623348258446178e+00 3.590452018245221e+00 1.912867181312585e+00 0.000000000000000e+00 1.623348260331810e+00 -2.763887505512470e+01 20
-1.761000e+00 3.590451901539486e+00 1.912867600339542e+00 0.000000000000000e+00 1.624348313468614e+00 3.590450871505153e+00 1.912867678991756e+00 0.000000000000000e+00 1.624348324707384e+00 -2.750561107355855e+01 18
-1.762000e+00 3.590451652172516e+00 1.912868034026500e+00 0.000000000000000e+00 1.625348368673548e+00 3.590451547385975e+00 1.912868041799240e+00 0.000000000000000e+00 1.625348369784209e+00 -2.737269589557831e+01 21
-1.763000e+00 3.590451380415142e+00 1.912868469127667e+00 0.000000000000000e+00 1.626348424053727e+00 3.590450007697962e+00 1.912868570111436e+00 0.000000000000000e+00 1.626348438483484e+00 -2.724012164998916e+01 18
-1.764000e+00 3.590451107891250e+00 1.912868905593996e+00 0.000000000000000e+00 1.627348479601971e+00 3.590450964828284e+00 1.912868916031161e+00 0.000000000000000e+00 1.627348481093356e+00 -2.710788799284738e+01 21
-1.765000e+00 3.590450813105027e+00 1.912869343376810e+00 0.000000000000000e+00 1.628348535311149e+00 3.590450667786648e+00 1.912869355448054e+00 0.000000000000000e+00 1.628348537036030e+00 -2.697599141675616e+01 21
-1.766000e+00 3.590450560687443e+00 1.912869782428019e+00 0.000000000000000e+00 1.629348591174212e+00 3.590450366335248e+00 1.912869796371345e+00 0.000000000000000e+00 1.629348593166599e+00 -2.684443787646103e+01 21
-1.767000e+00 3.590450255667831e+00 1.912870222699717e+00 0.000000000000000e+00 1.630348647184150e+00 3.590450181862404e+00 1.912870230113692e+00 0.000000000000000e+00 1.630348648243542e+00 -2.671323110534902e+01 22
-1.768000e+00 3.590450010845351e+00 1.912870664144737e+00 0.000000000000000e+00 1.631348703334027e+00 3.590448792670726e+00 1.912870750074463e+00 0.000000000000000e+00 1.631348715612653e+00 -2.658236891609687e+01 19
-1.769000e+00 3.590449735022549e+00 1.912871106716045e+00 0.000000000000000e+00 1.632348759616953e+00 3.590449592342580e+00 1.912871116695353e+00 0.000000000000000e+00 1.632348761042913e+00 -2.645186729519504e+01 22
-1.770000e+00 3.590449458644759e+00 1.912871550367181e+00 0.000000000000000e+00 1.633348816026111e+00 3.590447868152026e+00 1.912871660662604e+00 0.000000000000000e+00 1.633348831786370e+00 -2.632173086169383e+01 19
-1.771000e+00 3.590449181746247e+00 1.912871995052079e+00 0.000000000000000e+00 1.634348872554727e+00 3.590448987388648e+00 1.912872008414911e+00 0.000000000000000e+00 1.634348874464157e+00 -2.619196463155048e+01 22
-1.772000e+00 3.590448904361076e+00 1.912872440725054e+00 0.000000000000000e+00 1.635348929196088e+00 3.590448796038427e+00 1.912872448108716e+00 0.000000000000000e+00 1.635348930251147e+00 -2.606257904832992e+01 23
-1.773000e+00 3.590448605104450e+00 1.912872887340809e+00 0.000000000000000e+00 1.636348985943539e+00 3.590448499566317e+00 1.912872895920049e+00 0.000000000000000e+00 1.636348987169434e+00 -2.593357939277206e+01 23
-1.774000e+00 3.590448326861312e+00 1.912873334854524e+00 0.000000000000000e+00 1.637349042790488e+00 3.590448199659797e+00 1.912873344809767e+00 0.000000000000000e+00 1.637349044212998e+00 -2.580497384411888e+01 23
-1.775000e+00 3.590448048232091e+00 1.912873783221682e+00 0.000000000000000e+00 1.638349099730373e+00 3.590447895896581e+00 1.912873794758509e+00 0.000000000000000e+00 1.638349101378881e+00 -2.567676524744666e+01 23
-1.776000e+00 3.590447769249832e+00 1.912874232398184e+00 0.000000000000000e+00 1.639349156756711e+00 3.590447587790376e+00 1.912874245750499e+00 0.000000000000000e+00 1.639349158664634e+00 -2.554896350440355e+01 23
-1.777000e+00 3.590447511308501e+00 1.912874682340342e+00 0.000000000000000e+00 1.640349213863061e+00 3.590445571666145e+00 1.912874808904109e+00 0.000000000000000e+00 1.640349231947855e+00 -2.542156704302230e+01 20
-1.778000e+00 3.590447231703805e+00 1.912875133004757e+00 0.000000000000000e+00 1.641349271043025e+00 3.590447094140918e+00 1.912875141901825e+00 0.000000000000000e+00 1.641349272314335e+00 -2.529458325030311e+01 24
-1.779000e+00 3.590446951843658e+00 1.912875584348485e+00 0.000000000000000e+00 1.642349328290270e+00 3.590446790712979e+00 1.912875594677674e+00 0.000000000000000e+00 1.642349329766216e+00 -2.516801248539968e+01 24
-1.780000e+00 3.590446641612171e+00 1.912876036328887e+00 0.000000000000000e+00 1.643349385598510e+00 3.590445219745400e+00 1.912876128583010e+00 0.000000000000000e+00 1.643349398780747e+00 -2.504185537066763e+01 21
-1.781000e+00 3.590446391485029e+00 1.912876488903860e+00 0.000000000000000e+00 1.644349442961513e+00 3.590446279210372e+00 1.912876495973642e+00 0.000000000000000e+00 1.644349443971714e+00 -2.491611627003734e+01 25
-1.782000e+00 3.590446111049991e+00 1.912876942031403e+00 0.000000000000000e+00 1.645349500373077e+00 3.590445979148499e+00 1.912876950262690e+00 0.000000000000000e+00 1.645349501549250e+00 -2.479078933241832e+01 25
-1.783000e+00 3.590445830486414e+00 1.912877395670042e+00 0.000000000000000e+00 1.646349557827077e+00 3.590445675729610e+00 1.912877405240780e+00 0.000000000000000e+00 1.646349559194643e+00 -2.466587944695881e+01 25
-1.784000e+00 3.590445549825450e+00 1.912877849778621e+00 0.000000000000000e+00 1.647349615317421e+00 3.590445368488818e+00 1.912877860891911e+00 0.000000000000000e+00 1.647349616905401e+00 -2.454138318981975e+01 25
-1.785000e+00 3.590445247853205e+00 1.912878304316294e+00 0.000000000000000e+00 1.648349672838060e+00 3.590445157967922e+00 1.912878311065244e+00 0.000000000000000e+00 1.648349673802418e+00 -2.441729797439291e+01 26
-1.786000e+00 3.590444988334972e+00 1.912878759242698e+00 0.000000000000000e+00 1.649349730383016e+00 3.590444857595280e+00 1.912878767110237e+00 0.000000000000000e+00 1.649349731507210e+00 -2.429361387412670e+01 26
-1.787000e+00 3.590444707566695e+00 1.912879214517622e+00 0.000000000000000e+00 1.650349787946330e+00 3.590442769542108e+00 1.912879330076734e+00 0.000000000000000e+00 1.650349804458561e+00 -2.417034547990851e+01 22
-1.788000e+00 3.590444426823565e+00 1.912879670101321e+00 0.000000000000000e+00 1.651349845522106e+00 3.590444246589656e+00 1.912879680749550e+00 0.000000000000000e+00 1.651349847043629e+00 -2.404747514135593e+01 26
-1.789000e+00 3.590444146135667e+00 1.912880125954359e+00 0.000000000000000e+00 1.652349903104485e+00 3.590444032618543e+00 1.912880132599169e+00 0.000000000000000e+00 1.652349904053961e+00 -2.392500410655939e+01 27
-1.790000e+00 3.590443865532923e+00 1.912880582037635e+00 0.000000000000000e+00 1.653349960687666e+00 3.590443731834602e+00 1.912880589791376e+00 0.000000000000000e+00 1.653349961795596e+00 -2.380293256531678e+01 27
-1.791000e+00 3.590443563888852e+00 1.912881038312356e+00 0.000000000000000e+00 1.654350018265882e+00 3.590441794028350e+00 1.912881141216646e+00 0.000000000000000e+00 1.654350032969827e+00 -2.368124851274779e+01 23
-1.792000e+00 3.590443304701418e+00 1.912881494740178e+00 0.000000000000000e+00 1.655350075833424e+00 3.590443119982109e+00 1.912881505254394e+00 0.000000000000000e+00 1.655350077335796e+00 -2.355995598517474e+01 27
-1.793000e+00 3.590443003405166e+00 1.912881951282871e+00 0.000000000000000e+00 1.656350133384610e+00 3.590442905092769e+00 1.912881958017702e+00 0.000000000000000e+00 1.656350134346942e+00 -2.343904732892770e+01 28
-1.794000e+00 3.590442744564245e+00 1.912882407902778e+00 0.000000000000000e+00 1.657350190913813e+00 3.590441256407706e+00 1.912882491027006e+00 0.000000000000000e+00 1.657350202791373e+00 -2.331852573969694e+01 24
-1.795000e+00 3.590442443732354e+00 1.912882864562323e+00 0.000000000000000e+00 1.658350248415451e+00 3.590440755355204e+00 1.912882959147697e+00 0.000000000000000e+00 1.658350261930673e+00 -2.319838282181043e+01 24
-1.796000e+00 3.590442185353433e+00 1.912883321224496e+00 0.000000000000000e+00 1.659350305883988e+00 3.590441990502893e+00 1.912883331903445e+00 0.000000000000000e+00 1.659350307409893e+00 -2.307861712317697e+01 28
-1.797000e+00 3.590441885100929e+00 1.912883777852364e+00 0.000000000000000e+00 1.660350363313913e+00 3.590441776960215e+00 1.912883784866334e+00 0.000000000000000e+00 1.660350364316133e+00 -2.295922020211350e+01 29
-1.798000e+00 3.590441627297952e+00 1.912884234409558e+00 0.000000000000000e+00 1.661350420699792e+00 3.590441474895975e+00 1.912884242603633e+00 0.000000000000000e+00 1.661350421870633e+00 -2.284020326375469e+01 29
-1.799000e+00 3.590441327738326e+00 1.912884690859777e+00 0.000000000000000e+00 1.662350478036190e+00 3.590441169258788e+00 1.912884700419144e+00 0.000000000000000e+00 1.662350479402117e+00 -2.272154998933531e+01 29
-1.800000e+00 3.590441070623769e+00 1.912885147167289e+00 0.000000000000000e+00 1.663350535317764e+00 3.590439138088013e+00 1.912885249086058e+00 0.000000000000000e+00 1.663350549880797e+00 -2.260326491075473e+01 25
-1.801000e+00 3.590440792874463e+00 1.912885603296453e+00 0.000000000000000e+00 1.664350592539163e+00 3.590440649419332e+00 1.912885610788929e+00 0.000000000000000e+00 1.664350593609756e+00 -2.248534323765362e+01 30
-1.802000e+00 3.590440515553877e+00 1.912886059212072e+00 0.000000000000000e+00 1.665350649695123e+00 3.590440346282794e+00 1.912886067967126e+00 0.000000000000000e+00 1.665350650946119e+00 -2.236778427270811e+01 30
-1.803000e+00 3.590440238689439e+00 1.912886514879221e+00 0.000000000000000e+00 1.666350706780389e+00 3.590440039231637e+00 1.912886525095135e+00 0.000000000000000e+00 1.666350708240125e+00 -2.225058580602260e+01 30
-1.804000e+00 3.590439962308388e+00 1.912886970263297e+00 0.000000000000000e+00 1.667350763789765e+00 3.590439824218325e+00 1.912886977266905e+00 0.000000000000000e+00 1.667350764790498e+00 -2.213374379109992e+01 31
-1.805000e+00 3.590439686437798e+00 1.912887425329991e+00 0.000000000000000e+00 1.668350820718092e+00 3.590439523245922e+00 1.912887433525478e+00 0.000000000000000e+00 1.668350821889127e+00 -2.201725840470607e+01 31
-1.806000e+00 3.590439411104551e+00 1.912887880045320e+00 0.000000000000000e+00 1.669350877560249e+00 3.590439218517023e+00 1.912887889621764e+00 0.000000000000000e+00 1.669350878928607e+00 -2.190112603217091e+01 31
-1.807000e+00 3.590439115422176e+00 1.912888334375566e+00 0.000000000000000e+00 1.670350934311158e+00 3.590439000537534e+00 1.912888341061377e+00 0.000000000000000e+00 1.670350935266479e+00 -2.178535132216316e+01 32
-1.808000e+00 3.590438862156819e+00 1.912888788287451e+00 0.000000000000000e+00 1.671350990965796e+00 3.590438701457089e+00 1.912888796120670e+00 0.000000000000000e+00 1.671350992085068e+00 -2.166991793775965e+01 32
-1.809000e+00 3.590438588595247e+00 1.912889241747801e+00 0.000000000000000e+00 1.672351047519155e+00 3.590438398695897e+00 1.912889250912074e+00 0.000000000000000e+00 1.672351048828617e+00 -2.155484264897698e+01 32
-1.810000e+00 3.590438294810321e+00 1.912889694723860e+00 0.000000000000000e+00 1.673351103966283e+00 3.590438179381034e+00 1.912889701235516e+00 0.000000000000000e+00 1.673351104896716e+00 -2.144010742664960e+01 33
-1.811000e+00 3.590438022576795e+00 1.912890147183231e+00 0.000000000000000e+00 1.674351160302273e+00 3.590436154879652e+00 1.912890236503665e+00 0.000000000000000e+00 1.674351173065034e+00 -2.132572313365893e+01 28
-1.812000e+00 3.590437771873693e+00 1.912890599093760e+00 0.000000000000000e+00 1.675351216522254e+00 3.590437580836519e+00 1.912890608037883e+00 0.000000000000000e+00 1.675351217800255e+00 -2.121168147269718e+01 33
-1.813000e+00 3.590437501040465e+00 1.912891050423526e+00 0.000000000000000e+00 1.676351272621379e+00 3.590435954133143e+00 1.912891122114712e+00 0.000000000000000e+00 1.676351282865127e+00 -2.109797994265274e+01 29
-1.814000e+00 3.590437230953575e+00 1.912891501141025e+00 0.000000000000000e+00 1.677351328594871e+00 3.590435443947183e+00 1.912891583117909e+00 0.000000000000000e+00 1.677351340308299e+00 -2.098462019212706e+01 29
-1.815000e+00 3.590436940850365e+00 1.912891951214976e+00 0.000000000000000e+00 1.678351384437965e+00 3.590436765752193e+00 1.912891960109375e+00 0.000000000000000e+00 1.678351385708857e+00 -2.087159879320669e+01 34
-1.816000e+00 3.590436693120147e+00 1.912892400614547e+00 0.000000000000000e+00 1.679351440145970e+00 3.590436547708078e+00 1.912892407149471e+00 0.000000000000000e+00 1.679351441079720e+00 -2.075891475722463e+01 35
-1.817000e+00 3.590436425423872e+00 1.912892849309002e+00 0.000000000000000e+00 1.680351495714192e+00 3.590434699837768e+00 1.912892926060909e+00 0.000000000000000e+00 1.680351506681008e+00 -2.064656859690178e+01 30
-1.818000e+00 3.590436158574458e+00 1.912893297268036e+00 0.000000000000000e+00 1.681351551138010e+00 3.590436028855330e+00 1.912893302978222e+00 0.000000000000000e+00 1.681351551953917e+00 -2.053455808522904e+01 36
-1.819000e+00 3.590435892596640e+00 1.912893744461638e+00 0.000000000000000e+00 1.682351606412834e+00 3.590434426009956e+00 1.912893808351380e+00 0.000000000000000e+00 1.682351615541802e+00 -2.042287515739040e+01 31
-1.820000e+00 3.590435627514970e+00 1.912894190860081e+00 0.000000000000000e+00 1.683351661534111e+00 3.590435444272979e+00 1.912894198759710e+00 0.000000000000000e+00 1.683351662662860e+00 -2.031152685895820e+01 36
-1.821000e+00 3.590435342661428e+00 1.912894636433908e+00 0.000000000000000e+00 1.684351716497324e+00 3.590433397945379e+00 1.912894720278920e+00 0.000000000000000e+00 1.684351728477604e+00 -2.020050817073365e+01 31
-1.822000e+00 3.590435100137573e+00 1.912895081154115e+00 0.000000000000000e+00 1.685351771298022e+00 3.590433631001512e+00 1.912895143170965e+00 0.000000000000000e+00 1.685351780159353e+00 -2.008981724552824e+01 32
-1.823000e+00 3.590434837890200e+00 1.912895524991789e+00 0.000000000000000e+00 1.686351825931756e+00 3.590434640081916e+00 1.912895533254025e+00 0.000000000000000e+00 1.686351827112309e+00 -1.997945380139625e+01 37
-1.824000e+00 3.590434576635666e+00 1.912895967918476e+00 0.000000000000000e+00 1.687351880394136e+00 3.590434423326878e+00 1.912895974254371e+00 0.000000000000000e+00 1.687351881299445e+00 -1.986941828076251e+01 38
-1.825000e+00 3.590434287225555e+00 1.912896409905920e+00 0.000000000000000e+00 1.688351934680808e+00 3.590432818369123e+00 1.912896471159598e+00 0.000000000000000e+00 1.688351943433068e+00 -1.975970369349631e+01 33
-1.826000e+00 3.590434057200130e+00 1.912896850926388e+00 0.000000000000000e+00 1.689351988787488e+00 3.590433914142758e+00 1.912896856713650e+00 0.000000000000000e+00 1.689351989614406e+00 -1.965031031177057e+01 39
-1.827000e+00 3.590433799066223e+00 1.912897290952150e+00 0.000000000000000e+00 1.690352042709882e+00 3.590431783410868e+00 1.912897371622543e+00 0.000000000000000e+00 1.690352054236476e+00 -1.954124540534448e+01 33
-1.828000e+00 3.590433542019373e+00 1.912897729955986e+00 0.000000000000000e+00 1.691352096443760e+00 3.590433406811750e+00 1.912897735309190e+00 0.000000000000000e+00 1.691352097208653e+00 -1.943250011664985e+01 40
-1.829000e+00 3.590433286082759e+00 1.912898167910931e+00 0.000000000000000e+00 1.692352149984939e+00 3.590431481530770e+00 1.912898238588285e+00 0.000000000000000e+00 1.692352160083654e+00 -1.932406921695226e+01 34
-1.830000e+00 3.590433031279400e+00 1.912898604790341e+00 0.000000000000000e+00 1.693352203329266e+00 3.590431624746087e+00 1.912898659283212e+00 0.000000000000000e+00 1.693352211115456e+00 -1.921595879126969e+01 35
