-1.560000e+00 -1.282390705553733e+02 -5.894200962502348e-03
-1.561000e+00 -1.265147618382123e+02 -5.910990736303853e-03
-1.562000e+00 -1.248215583721838e+02 -5.927848094796183e-03
-1.563000e+00 -1.231588086400572e+02 -5.944773513594321e-03
-1.564000e+00 -1.215258733218470e+02 -5.961767470234468e-03
-1.565000e+00 -1.199221271444970e+02 -5.978830444212671e-03
-1.566000e+00 -1.183469560833634e+02 -5.995962917068958e-03
-1.567000e+00 -1.167997600536963e+02 -6.013165372439157e-03
-1.568000e+00 -1.152799514911818e+02 -6.030438296113524e-03
-1.569000e+00 -1.137869550227959e+02 -6.047782176135374e-03
-1.570000e+00 -1.123202079585963e+02 -6.065197502826882e-03
-1.571000e+00 -1.108791600137751e+02 -6.082684768852754e-03
-1.572000e+00 -1.094632724762321e+02 -6.100244469315843e-03
-1.573000e+00 -1.080720194179504e+02 -6.117877101841383e-03
-1.574000e+00 -1.067048861194162e+02 -6.135583166554836e-03
-1.575000e+00 -1.053613698903909e+02 -6.153363166261947e-03
-1.576000e+00 -1.040409790992296e+02 -6.171217606452423e-03
-1.577000e+00 -1.027432336895339e+02 -6.189146995342500e-03
-1.578000e+00 -1.014676647639587e+02 -6.207151844015596e-03
-1.579000e+00 -1.002138141266188e+02 -6.225232666427554e-03
-1.580000e+00 -9.898123436679320e+01 -6.243389979477596e-03
-1.581000e+00 -9.776949486893143e+01 -6.261624303143253e-03
-1.582000e+00 -9.657815618453461e+01 -6.279936160466857e-03
-1.583000e+00 -9.540680806986990e+01 -6.298326077626530e-03
-1.584000e+00 -9.425504586726036e+01 -6.316794584051118e-03
-1.585000e+00 -9.312247112551462e+01 -6.335342212481400e-03
-1.586000e+00 -9.200869898429660e+01 -6.353969498994895e-03
-1.587000e+00 -9.091334909541688e+01 -6.372676983103707e-03
-1.588000e+00 -8.983605163734262e+01 -6.391465207788531e-03
-1.589000e+00 -8.877645080047235e+01 -6.410334719620327e-03
-1.590000e+00 -8.773419355464104e+01 -6.429286068790468e-03
-1.591000e+00 -8.670893975287603e+01 -6.448319809134278e-03
-1.592000e+00 -8.570035276854354e+01 -6.467436498304490e-03
-1.593000e+00 -8.470810955868563e+01 -6.486636697744521e-03
-1.594000e+00 -8.373189171588128e+01 -6.505920972797207e-03
-1.595000e+00 -8.277139033206468e+01 -6.525289892757812e-03
-1.596000e+00 -8.182630377327251e+01 -6.544744030907676e-03
-1.597000e+00 -8.089633807633339e+01 -6.564283964665671e-03
-1.598000e+00 -7.998120581766214e+01 -6.583910275566625e-03
-1.599000e+00 -7.908062901211439e+01 -6.603623549403990e-03
-1.600000e+00 -7.819433467170430e+01 -6.623424376221752e-03
-1.601000e+00 -7.732205742175165e+01 -6.643313350386175e-03
-1.602000e+00 -7.646353913503523e+01 -6.663291070778616e-03
-1.603000e+00 -7.561852703738742e+01 -6.683358140659186e-03
-1.604000e+00 -7.478677704903974e+01 -6.703515167927754e-03
-1.605000e+00 -7.396804927496518e+01 -6.723762765057563e-03
-1.606000e+00 -7.316211083887499e+01 -6.744101549198619e-03
-1.607000e+00 -7.236873521823053e+01 -6.764532142299487e-03
-1.608000e+00 -7.158770132490291e+01 -6.785055171114659e-03
-1.609000e+00 -7.081879398813810e+01 -6.805671267308783e-03
-1.610000e+00 -7.006180373426896e+01 -6.826381067462277e-03
-1.611000e+00 -6.931652657376694e+01 -6.847185213245848e-03
-1.612000e+00 -6.858276441168198e+01 -6.868084351387693e-03
-1.613000e+00 -6.786032294346325e+01 -6.889079133814768e-03
-1.614000e+00 -6.714901347287328e+01 -6.910170217706368e-03
-1.615000e+00 -6.644865482906550e+01 -6.931358265527816e-03
-1.616000e+00 -6.575906650141943e+01 -6.952643945134960e-03
-1.617000e+00 -6.508007434859690e+01 -6.974027929892463e-03
-1.618000e+00 -6.441151160445746e+01 -6.995510898603429e-03
-1.619000e+00 -6.375321295159487e+01 -7.017093535778196e-03
-1.620000e+00 -6.310501799883706e+01 -7.038776531576467e-03
-1.621000e+00 -6.246677177306729e+01 -7.060560581852964e-03
-1.622000e+00 -6.183832158068641e+01 -7.082446388350814e-03
-1.623000e+00 -6.121952156009365e+01 -7.104434658712841e-03
-1.624000e+00 -6.061022722609600e+01 -7.126526106542139e-03
-1.625000e+00 -6.001029986076136e+01 -7.148721451532332e-03
-1.626000e+00 -5.941960389405954e+01 -7.171021419474566e-03
-1.627000e+00 -5.883800764835846e+01 -7.193426742431025e-03
-1.628000e+00 -5.826538286180874e+01 -7.215938158701312e-03
-1.629000e+00 -5.770160540154303e+01 -7.238556413007833e-03
-1.630000e+00 -5.714655435258884e+01 -7.261282256484978e-03
-1.631000e+00 -5.660011199936316e+01 -7.284116446862646e-03
-1.632000e+00 -5.606216471247629e+01 -7.307059748428032e-03
-1.633000e+00 -5.553260157309520e+01 -7.330112932242660e-03
-1.634000e+00 -5.501131216313193e+01 -7.353276776098536e-03
-1.635000e+00 -5.449820122285293e+01 -7.376552064682822e-03
-1.636000e+00 -5.399315876823349e+01 -7.399939589684205e-03
-1.637000e+00 -5.349609005396922e+01 -7.423440149771478e-03
-1.638000e+00 -5.300689927603129e+01 -7.447054550797097e-03
-1.639000e+00 -5.252549538320584e+01 -7.470783605855080e-03
-1.640000e+00 -5.205178911276396e+01 -7.494628135271287e-03
-1.641000e+00 -5.158569479305447e+01 -7.518588966929939e-03
-1.642000e+00 -5.112712812674254e+01 -7.542666936057278e-03
-1.643000e+00 -5.067601035835619e+01 -7.566862885586754e-03
-1.644000e+00 -5.023226245186417e+01 -7.591177666078720e-03
-1.645000e+00 -4.979581091408849e+01 -7.615612135925862e-03
-1.646000e+00 -4.936658346579674e+01 -7.640167161386698e-03
-1.647000e+00 -4.894451152532683e+01 -7.664843616685207e-03
-1.648000e+00 -4.852952718072493e+01 -7.689642384151537e-03
-1.649000e+00 -4.812156839580904e+01 -7.714564354278588e-03
-1.650000e+00 -4.772057374331491e+01 -7.739610425868275e-03
-1.651000e+00 -4.732648512015354e+01 -7.764781506089395e-03
-1.652000e+00 -4.693924769272249e+01 -7.790078510604149e-03
-1.653000e+00 -4.655880717533215e+01 -7.815502363706660e-03
-1.654000e+00 -4.618511535451974e+01 -7.841053998367551e-03
-1.655000e+00 -4.581812460821585e+01 -7.866734356347858e-03
-1.656000e+00 -4.545779063343730e+01 -7.892544388387121e-03
-1.657000e+00 -4.510407262254392e+01 -7.918485054280272e-03
-1.658000e+00 -4.475693068523464e+01 -7.944557322913782e-03
-1.659000e+00 -4.441632989345261e+01 -7.970762172461242e-03
-1.660000e+00 -4.408223714382564e+01 -7.997100590473432e-03
-1.661000e+00 -4.375462295053424e+01 -8.023573574059447e-03
-1.662000e+00 -4.343346045508303e+01 -8.050182129876609e-03
-1.663000e+00 -4.311872596702964e+01 -8.076927274354486e-03
-1.664000e+00 -4.281039882886029e+01 -8.103810033837578e-03
-1.665000e+00 -4.250846187843909e+01 -8.130831444578872e-03
-1.666000e+00 -4.221290089172759e+01 -8.157992552972549e-03
-1.667000e+00 -4.192370516557909e+01 -8.185294415712979e-03
-1.668000e+00 -4.164086746607475e+01 -8.212738099838678e-03
-1.669000e+00 -4.136438388065645e+01 -8.240324682861035e-03
-1.670000e+00 -4.109425414312562e+01 -8.268055253009349e-03
-1.671000e+00 -4.083048152350994e+01 -8.295930909230177e-03
-1.672000e+00 -4.057307321872271e+01 -8.323952761416849e-03
-1.673000e+00 -4.032203988285614e+01 -8.352121930510959e-03
-1.674000e+00 -4.007739621644236e+01 -8.380439548684998e-03
-1.675000e+00 -3.983916044826771e+01 -8.408906759401123e-03
-1.676000e+00 -3.960735479823386e+01 -8.437524717626370e-03
-1.677000e+00 -3.938200517869910e+01 -8.466294590065175e-03
-1.678000e+00 -3.916314119929169e+01 -8.495217555036986e-03
-1.679000e+00 -3.895079601896440e+01 -8.524294802947273e-03
-1.680000e+00 -3.874500571916834e+01 -8.553527536213483e-03
-1.681000e+00 -3.854580902562859e+01 -8.582916969568633e-03
-1.682000e+00 -3.835324734150986e+01 -8.612464330173061e-03
-1.683000e+00 -3.816736304544848e+01 -8.642170857664342e-03
-1.684000e+00 -3.798819939921672e+01 -8.672037804536516e-03
-1.685000e+00 -3.781579775478586e+01 -8.702066436115844e-03
-1.686000e+00 -3.765019702127328e+01 -8.732258030862246e-03
-1.687000e+00 -3.749143034752647e+01 -8.762613880472472e-03
-1.688000e+00 -3.733952232968635e+01 -8.793135290055733e-03
-1.689000e+00 -3.719448338828686e+01 -8.823823578345283e-03
-1.690000e+00 -3.705630651202850e+01 -8.854680077823550e-03
-1.691000e+00 -3.692495956977362e+01 -8.885706135013034e-03
-1.692000e+00 -3.680037399383255e+01 -8.916903110566619e-03
-1.693000e+00 -3.668243803575082e+01 -8.948272379428350e-03
-1.694000e+00 -3.657097957761156e+01 -8.979815331133977e-03
-1.695000e+00 -3.646575294126536e+01 -9.011533369984882e-03
-1.696000e+00 -3.636641854241543e+01 -9.043427915151170e-03
-1.697000e+00 -3.627252364394409e+01 -9.075500400940368e-03
-1.698000e+00 -3.618348089332434e+01 -9.107752277092422e-03
-1.699000e+00 -3.609854939992621e+01 -9.140185008762040e-03
-1.700000e+00 -3.601682128965842e+01 -9.172800076940525e-03
-1.701000e+00 -3.593721897873586e+01 -9.205598978582091e-03
-1.702000e+00 -3.585850816507279e+01 -9.238583226834046e-03
-1.703000e+00 -3.577933396628183e+01 -9.271754351252690e-03
-1.704000e+00 -3.569827894621951e+01 -9.305113898048861e-03
-1.705000e+00 -3.561394231113376e+01 -9.338663430269619e-03
-1.706000e+00 -3.552502889352365e+01 -9.372404528106630e-03
-1.707000e+00 -3.543044459128604e+01 -9.406338789086324e-03
-1.708000e+00 -3.532935487525241e+01 -9.440467828270760e-03
-1.709000e+00 -3.522123596846490e+01 -9.474793278599278e-03
-1.710000e+00 -3.510586699351548e+01 -9.509316791065398e-03
-1.711000e+00 -3.498331872415263e+01 -9.544040034959709e-03
-1.712000e+00 -3.485388228091088e+01 -9.578964698269436e-03
-1.713000e+00 -3.471803233614835e+01 -9.614092487676241e-03
-1.714000e+00 -3.457635833889954e+01 -9.649425129064002e-03
-1.715000e+00 -3.442951504437266e+01 -9.684964367675559e-03
-1.716000e+00 -3.427818056976610e+01 -9.720711968450020e-03
-1.717000e+00 -3.412302377596657e+01 -9.756669716209278e-03
-1.718000e+00 -3.396469609689796e+01 -9.792839416021749e-03
-1.719000e+00 -3.380379055411013e+01 -9.829222893474099e-03
-1.720000e+00 -3.364086476729903e+01 -9.865821994951911e-03
-1.721000e+00 -3.347642270929904e+01 -9.902638587979228e-03
-1.722000e+00 -3.331091236282774e+01 -9.939674561409487e-03
-1.723000e+00 -3.314473710670944e+01 -9.976931825931821e-03
-1.724000e+00 -3.297825020885348e+01 -1.001441231412827e-02
-1.725000e+00 -3.281176199210409e+01 -1.005211798110500e-02
-1.726000e+00 -3.264554309599365e+01 -1.009005080447970e-02
-1.727000e+00 -3.247982557539125e+01 -1.012821278503795e-02
-1.728000e+00 -3.231481295685014e+01 -1.016660594683686e-02
-1.729000e+00 -3.215067163476915e+01 -1.020523233761447e-02
-1.730000e+00 -3.198754413635628e+01 -1.024409402920300e-02
-1.731000e+00 -3.182554668998113e+01 -1.028319311787792e-02
-1.732000e+00 -3.166477672316950e+01 -1.032253172457702e-02
-1.733000e+00 -3.150530597547717e+01 -1.036211199540238e-02
-1.734000e+00 -3.134718712140580e+01 -1.040193610202644e-02
-1.735000e+00 -3.119046139646011e+01 -1.044200624198185e-02
-1.736000e+00 -3.103514766436405e+01 -1.048232463904360e-02
-1.737000e+00 -3.088125428153180e+01 -1.052289354378645e-02
-1.738000e+00 -3.072877614454352e+01 -1.056371523368971e-02
-1.739000e+00 -3.057769667039171e+01 -1.060479201389116e-02
-1.740000e+00 -3.042798791477205e+01 -1.064612621735119e-02
-1.741000e+00 -3.027961511831625e+01 -1.068772020543208e-02
-1.742000e+00 -3.013253189672610e+01 -1.072957636821283e-02
-1.743000e+00 -2.998669305862565e+01 -1.077169712502223e-02
-1.744000e+00 -2.984203736689948e+01 -1.081408492480627e-02
-1.745000e+00 -2.969850567244493e+01 -1.085674224670031e-02
-1.746000e+00 -2.955603495681744e+01 -1.089967160043980e-02
-1.747000e+00 -2.941455945911308e+01 -1.094287552676853e-02
-1.748000e+00 -2.927401395303265e+01 -1.098635659801575e-02
-1.749000e+00 -2.913433093394259e+01 -1.103011741857701e-02
-1.750000e+00 -2.899544724763962e+01 -1.107416062536147e-02
-1.751000e+00 -2.885730248373434e+01 -1.111848888835214e-02
-1.752000e+00 -2.871983247852086e+01 -1.116310491114970e-02
-1.753000e+00 -2.858298867891972e+01 -1.120801143145172e-02
-1.754000e+00 -2.844671534657000e+01 -1.125321122160522e-02
-1.755000e+00 -2.831096824390834e+01 -1.129870708921931e-02
-1.756000e+00 -2.817570524881467e+01 -1.134450187764154e-02
-1.757000e+00 -2.804089212290709e+01 -1.139059846661253e-02
-1.758000e+00 -2.790649937007660e+01 -1.143699977275276e-02
-1.759000e+00 -2.777249863184191e+01 -1.148370875031944e-02
-1.760000e+00 -2.763887505512470e+01 -1.153072839160873e-02
-1.761000e+00 -2.750561107355855e+01 -1.157806172780509e-02
-1.762000e+00 -2.737269589557831e+01 -1.162571182938658e-02
-1.763000e+00 -2.724012164998916e+01 -1.167368180697213e-02
-1.764000e+00 -2.710788799284738e+01 -1.172197481180347e-02
-1.765000e+00 -2.697599141675616e+01 -1.177059403658393e-02
-1.766000e+00 -2.684443787646103e+01 -1.181954271603940e-02
-1.767000e+00 -2.671323110534902e+01 -1.186882412771410e-02
-1.768000e+00 -2.658236891609687e+01 -1.191844159255024e-02
-1.769000e+00 -2.645186729519504e+01 -1.196839847573262e-02
-1.770000e+00 -2.632173086169383e+01 -1.201869818742444e-02
-1.771000e+00 -2.619196463155048e+01 -1.206934418349045e-02
-1.772000e+00 -2.606257904832992e+01 -1.212033996622216e-02
-1.773000e+00 -2.593357939277206e+01 -1.217168908523799e-02
-1.774000e+00 -2.580497384411888e+01 -1.222339513822601e-02
-1.775000e+00 -2.567676524744666e+01 -1.227546177169413e-02
-1.776000e+00 -2.554896350440355e+01 -1.232789268201640e-02
-1.777000e+00 -2.542156704302230e+01 -1.238069161604107e-02
-1.778000e+00 -2.529458325030311e+01 -1.243386237209833e-02
-1.779000e+00 -2.516801248539968e+01 -1.248740880095643e-02
-1.780000e+00 -2.504185537066763e+01 -1.254133480653817e-02
-1.781000e+00 -2.491611627003734e+01 -1.259564434705516e-02
-1.782000e+00 -2.479078933241832e+01 -1.265034143578779e-02
-1.783000e+00 -2.466587944695881e+01 -1.270543014220033e-02
-1.784000e+00 -2.454138318981975e+01 -1.276091459282023e-02
-1.785000e+00 -2.441729797439291e+01 -1.281679897229966e-02
-1.786000e+00 -2.429361387412670e+01 -1.287308752447368e-02
-1.787000e+00 -2.417034547990851e+01 -1.292978455332853e-02
-1.788000e+00 -2.404747514135593e+01 -1.298689442414652e-02
-1.789000e+00 -2.392500410655939e+01 -1.304442156467794e-02
-1.790000e+00 -2.380293256531678e+01 -1.310237046608762e-02
-1.791000e+00 -2.368124851274779e+01 -1.316074568422612e-02
-1.792000e+00 -2.355995598517474e+01 -1.321955184080456e-02
-1.793000e+00 -2.343904732892770e+01 -1.327879362456247e-02
-1.794000e+00 -2.331852573969694e+01 -1.333847579251782e-02
-1.795000e+00 -2.319838282181043e+01 -1.339860317123941e-02
-1.796000e+00 -2.307861712317697e+01 -1.345918065801402e-02
-1.797000e+00 -2.295922020211350e+01 -1.352021322235714e-02
-1.798000e+00 -2.284020326375469e+01 -1.358170590715828e-02
-1.799000e+00 -2.272154998933531e+01 -1.364366383023001e-02
-1.800000e+00 -2.260326491075473e+01 -1.370609218549460e-02
-1.801000e+00 -2.248534323765362e+01 -1.376899624466846e-02
-1.802000e+00 -2.236778427270811e+01 -1.383238135855957e-02
-1.803000e+00 -2.225058580602260e+01 -1.389625295861754e-02
-1.804000e+00 -2.213374379109992e+01 -1.396061655844139e-02
-1.805000e+00 -2.201725840470607e+01 -1.402547775546388e-02
-1.806000e+00 -2.190112603217091e+01 -1.409084223234977e-02
-1.807000e+00 -2.178535132216316e+01 -1.415671575889333e-02
-1.808000e+00 -2.166991793775965e+01 -1.422310419348976e-02
-1.809000e+00 -2.155484264897698e+01 -1.429001348489277e-02
-1.810000e+00 -2.144010742664960e+01 -1.435744967420387e-02
-1.811000e+00 -2.132572313365893e+01 -1.442541889637707e-02
-1.812000e+00 -2.121168147269718e+01 -1.449392738218083e-02
-1.813000e+00 -2.109797994265274e+01 -1.456298146019488e-02
-1.814000e+00 -2.098462019212706e+01 -1.463258755848217e-02
-1.815000e+00 -2.087159879320669e+01 -1.470275220696987e-02
-1.816000e+00 -2.075891475722463e+01 -1.477348203913411e-02
-1.817000e+00 -2.064656859690178e+01 -1.484478379421857e-02
-1.818000e+00 -2.053455808522904e+01 -1.491666431935172e-02
-1.819000e+00 -2.042287515739040e+01 -1.498913057176720e-02
-1.820000e+00 -2.031152685895820e+01 -1.506218962097503e-02
-1.821000e+00 -2.020050817073365e+01 -1.513584865115840e-02
-1.822000e+00 -2.008981724552824e+01 -1.521011496338680e-02
-1.823000e+00 -1.997945380139625e+01 -1.528499597810565e-02
-1.824000e+00 -1.986941828076251e+01 -1.536049923768792e-02
-1.825000e+00 -1.975970369349631e+01 -1.543663240868042e-02
-1.826000e+00 -1.965031031177057e+01 -1.551340328484861e-02
-1.827000e+00 -1.954124540534448e+01 -1.559081978941384e-02
-1.828000e+00 -1.943250011664985e+01 -1.566888997797539e-02
-1.829000e+00 -1.932406921695226e+01 -1.574762204131816e-02
-1.830000e+00 -1.921595879126969e+01 -1.582702430823798e-02
