0.95387536e-3 1
3.141592653589793e+00 1.912947204855180e+00 -3.141592653589793e+00 1.903344921423732e+00
3.141592558989367e+00 1.912947195182544e+00 -3.141592576562006e+00 1.902345214918646e+00
3.141592653589793e+00 1.912947177284895e+00 -3.141592653589793e+00 1.901345487967044e+00
3.141592653589793e+00 1.912947152165618e+00 -3.141592653589793e+00 1.900345743280258e+00
3.141592584837281e+00 1.912947120625036e+00 -3.141592599076592e+00 1.899345983031937e+00
3.141592565016778e+00 1.912947083313672e+00 -3.141592583932067e+00 1.898346208995504e+00
3.141592653589793e+00 1.912947040768917e+00 -3.141592653589793e+00 1.897346422639608e+00
3.141592629746155e+00 1.912946993440933e+00 -3.141592635126358e+00 1.896346625196235e+00
3.141592624287206e+00 1.912946941711431e+00 -3.141592631066013e+00 1.895346817710474e+00
3.141592653589793e+00 1.912946885907543e+00 -3.141592653589793e+00 1.894347001077628e+00
3.141592585474698e+00 1.912946826312278e+00 -3.141592601966679e+00 1.893347176071380e+00
3.141592653589793e+00 1.912946763172490e+00 -3.141592653589793e+00 1.892347343365525e+00
3.141592585053471e+00 1.912946696705090e+00 -3.141592602338141e+00 1.891347503550955e+00
3.141592611495620e+00 1.912946627101908e+00 -3.141592622314001e+00 1.890347657149119e+00
3.141592601886183e+00 1.912946554533573e+00 -3.141592615415505e+00 1.889347804622808e+00
3.141592653589793e+00 1.912946479152623e+00 -3.141592653589793e+00 1.888347946384878e+00
3.141592582133306e+00 1.912946401096038e+00 -3.141592601470720e+00 1.887348082805383e+00
3.141592593392681e+00 1.912946320487263e+00 -3.141592609941738e+00 1.886348214217441e+00
3.141592579669468e+00 1.912946237437997e+00 -3.141592600300778e+00 1.885348340922127e+00
3.141592653589793e+00 1.912946152049559e+00 -3.141592653589793e+00 1.884348463192551e+00
3.141592653589793e+00 1.912946064414094e+00 -3.141592653589793e+00 1.883348581277292e+00
3.141592603934905e+00 1.912945974615580e+00 -3.141592618387936e+00 1.882348695403315e+00
3.141592592627427e+00 1.912945882730686e+00 -3.141592610603867e+00 1.881348805778460e+00
3.141592653589793e+00 1.912945788829508e+00 -3.141592653589793e+00 1.880348912593566e+00
3.141592628584204e+00 1.912945692976185e+00 -3.141592636142103e+00 1.879349016024306e+00
3.141592653589793e+00 1.912945595229465e+00 -3.141592653589793e+00 1.878349116232777e+00
3.141592653589793e+00 1.912945495643160e+00 -3.141592653589793e+00 1.877349213368876e+00
3.141592653589793e+00 1.912945394266578e+00 -3.141592653589793e+00 1.876349307571513e+00
3.141592591787082e+00 1.912945291144872e+00 -3.141592611323556e+00 1.875349398969657e+00
3.141592653589793e+00 1.912945186319376e+00 -3.141592653589793e+00 1.874349487683273e+00
3.141592599837967e+00 1.912945079827883e+00 -3.141592617181037e+00 1.873349573824137e+00
3.141592617680365e+00 1.912944971704909e+00 -3.141592629380829e+00 1.872349657496570e+00
3.141592653589793e+00 1.912944861981910e+00 -3.141592653589793e+00 1.871349738798074e+00
3.141592591138315e+00 1.912944750687499e+00 -3.141592611874129e+00 1.870349817819915e+00
3.141592653589793e+00 1.912944637847624e+00 -3.141592653589793e+00 1.869349894647637e+00
3.141592653589793e+00 1.912944523485748e+00 -3.141592653589793e+00 1.868349969361522e+00
3.141592653589793e+00 1.912944407622990e+00 -3.141592653589793e+00 1.867350042037003e+00
3.141592635419827e+00 1.912944290278275e+00 -3.141592641667030e+00 1.866350112745042e+00
3.141592653589793e+00 1.912944171468458e+00 -3.141592653589793e+00 1.865350181552463e+00
3.141592653589793e+00 1.912944051208450e+00 -3.141592653589793e+00 1.864350248522262e+00
3.141592621941415e+00 1.912943929511322e+00 -3.141592633087507e+00 1.863350313713882e+00
3.141592601813853e+00 1.912943806388407e+00 -3.141592620188645e+00 1.862350377183464e+00
3.141592612583486e+00 1.912943681849405e+00 -3.141592627245562e+00 1.861350438984081e+00
3.141592653589793e+00 1.912943555902451e+00 -3.141592653589793e+00 1.860350499165941e+00
3.141592635186163e+00 1.912943428554223e+00 -3.141592641862551e+00 1.859350557776587e+00
3.141592653589793e+00 1.912943299810005e+00 -3.141592653589793e+00 1.858350614861067e+00
3.141592653589793e+00 1.912943169673763e+00 -3.141592653589793e+00 1.857350670462097e+00
3.141592621548799e+00 1.912943038148215e+00 -3.141592633414795e+00 1.856350724620211e+00
3.141592653589793e+00 1.912942905234895e+00 -3.141592653589793e+00 1.855350777373895e+00
3.141592627340696e+00 1.912942770934219e+00 -3.141592637189720e+00 1.854350828759715e+00
3.141592653589793e+00 1.912942635245544e+00 -3.141592653589793e+00 1.853350878812435e+00
3.141592653589793e+00 1.912942498167212e+00 -3.141592653589793e+00 1.852350927565121e+00
3.141592653589793e+00 1.912942359696624e+00 -3.141592653589793e+00 1.851350975049243e+00
3.141592653589793e+00 1.912942219830273e+00 -3.141592653589793e+00 1.850351021294770e+00
3.141592653589793e+00 1.912942078563799e+00 -3.141592653589793e+00 1.849351066330251e+00
3.141592653589793e+00 1.912941935892038e+00 -3.141592653589793e+00 1.848351110182900e+00
3.141592653589793e+00 1.912941791809067e+00 -3.141592653589793e+00 1.847351152878668e+00
3.141592653589793e+00 1.912941646308240e+00 -3.141592653589793e+00 1.846351194442315e+00
3.141592653589793e+00 1.912941499382238e+00 -3.141592653589793e+00 1.845351234897471e+00
3.141592653589793e+00 1.912941351023098e+00 -3.141592653589793e+00 1.844351274266701e+00
3.141592653589793e+00 1.912941201222265e+00 -3.141592653589793e+00 1.843351312571560e+00
3.141592626844501e+00 1.912941049970615e+00 -3.141592637598126e+00 1.842351349832646e+00
3.141592653589793e+00 1.912940897258501e+00 -3.141592653589793e+00 1.841351386069652e+00
3.141592634622690e+00 1.912940743075779e+00 -3.141592642327198e+00 1.840351421301410e+00
3.141592653589793e+00 1.912940587411847e+00 -3.141592653589793e+00 1.839351455545937e+00
3.141592653589793e+00 1.912940430255673e+00 -3.141592653589793e+00 1.838351488820477e+00
3.141592610995832e+00 1.912940271595829e+00 -3.141592628554479e+00 1.837351521141538e+00
3.141592606864843e+00 1.912940111420518e+00 -3.141592626218388e+00 1.836351552524932e+00
3.141592653589793e+00 1.912939949717604e+00 -3.141592653589793e+00 1.835351582985805e+00
3.141592615333006e+00 1.912939786474636e+00 -3.141592631327341e+00 1.834351612538675e+00
3.141592653589793e+00 1.912939621678884e+00 -3.141592653589793e+00 1.833351641197458e+00
3.141592653589793e+00 1.912939455317358e+00 -3.141592653589793e+00 1.832351668975504e+00
3.141592620323014e+00 1.912939287376832e+00 -3.141592634419829e+00 1.831351695885615e+00
3.141592610585051e+00 1.912939117843876e+00 -3.141592628888068e+00 1.830351721940082e+00
3.141592615074071e+00 1.912938946704870e+00 -3.141592631537270e+00 1.829351747150700e+00
3.141592653589793e+00 1.912938773946032e+00 -3.141592653589793e+00 1.828351771528800e+00
3.141592653589793e+00 1.912938599553449e+00 -3.141592653589793e+00 1.827351795085264e+00
3.141592626248007e+00 1.912938423513073e+00 -3.141592638082829e+00 1.826351817830551e+00
3.141592653589793e+00 1.912938245810775e+00 -3.141592653589793e+00 1.825351839774718e+00
3.141592653589793e+00 1.912938066432341e+00 -3.141592653589793e+00 1.824351860927434e+00
3.141592610192474e+00 1.912937885363495e+00 -3.141592629205119e+00 1.823351881298001e+00
3.141592610137753e+00 1.912937702589930e+00 -3.141592629249182e+00 1.822351900895375e+00
3.141592653589793e+00 1.912937518097314e+00 -3.141592653589793e+00 1.821351919728174e+00
3.141592614628083e+00 1.912937331871313e+00 -3.141592631896932e+00 1.820351937804704e+00
3.141592653589793e+00 1.912937143897605e+00 -3.141592653589793e+00 1.819351955132964e+00
3.141592614532182e+00 1.912936954161907e+00 -3.141592631973968e+00 1.818351971720668e+00
3.141592619723738e+00 1.912936762649971e+00 -3.141592634902977e+00 1.817351987575255e+00
3.141592653589793e+00 1.912936569347620e+00 -3.141592653589793e+00 1.816352002703902e+00
3.141592614390358e+00 1.912936374240752e+00 -3.141592632087700e+00 1.815352017113536e+00
3.141592653589793e+00 1.912936177315356e+00 -3.141592653589793e+00 1.814352030810851e+00
3.141592653589793e+00 1.912935978557531e+00 -3.141592653589793e+00 1.813352043802309e+00
3.141592653589793e+00 1.912935777953490e+00 -3.141592653589793e+00 1.812352056094163e+00
3.141592653589793e+00 1.912935575489585e+00 -3.141592653589793e+00 1.811352067692457e+00
3.141592653589793e+00 1.912935371152307e+00 -3.141592653589793e+00 1.810352078603043e+00
3.141592653589793e+00 1.912935164928313e+00 -3.141592653589793e+00 1.809352088831587e+00
3.141592653589793e+00 1.912934956804424e+00 -3.141592653589793e+00 1.808352098383577e+00
3.141592614023321e+00 1.912934746767642e+00 -3.141592632381022e+00 1.807352107264337e+00
3.141592653589793e+00 1.912934534805165e+00 -3.141592653589793e+00 1.806352115479028e+00
3.141592653589793e+00 1.912934320904388e+00 -3.141592653589793e+00 1.805352123032663e+00
3.141592653589793e+00 1.912934105052925e+00 -3.141592653589793e+00 1.804352129930109e+00
3.141592653589793e+00 1.912933887238610e+00 -3.141592653589793e+00 1.803352136176098e+00
3.141592653589793e+00 1.912933667449507e+00 -3.141592653589793e+00 1.802352141775232e+00
3.141592653589793e+00 1.912933445673926e+00 -3.141592653589793e+00 1.801352146731992e+00
3.141592653589793e+00 1.912933221900421e+00 -3.141592653589793e+00 1.800352151050740e+00
3.141592633630460e+00 1.912932996117811e+00 -3.141592643125483e+00 1.799352154735730e+00
3.141592653589793e+00 1.912932768315177e+00 -3.141592653589793e+00 1.798352157791112e+00
3.141592653589793e+00 1.912932538481876e+00 -3.141592653589793e+00 1.797352160220937e+00
3.141592653589793e+00 1.912932306607546e+00 -3.141592653589793e+00 1.796352162029164e+00
3.141592653589793e+00 1.912932072682115e+00 -3.141592653589793e+00 1.795352163219663e+00
3.141592613457867e+00 1.912931836695805e+00 -3.141592632830221e+00 1.794352163796222e+00
3.141592653589793e+00 1.912931598639139e+00 -3.141592653589793e+00 1.793352163762551e+00
3.141592653589793e+00 1.912931358502954e+00 -3.141592653589793e+00 1.792352163122288e+00
3.141592618725761e+00 1.912931116278393e+00 -3.141592635697520e+00 1.791352161878999e+00
3.141592653589793e+00 1.912930871956925e+00 -3.141592653589793e+00 1.790352160036191e+00
3.141592653589793e+00 1.912930625530341e+00 -3.141592653589793e+00 1.789352157597305e+00
3.141592625035825e+00 1.912930376990766e+00 -3.141592639050020e+00 1.788352154565729e+00
3.141592653589793e+00 1.912930126330656e+00 -3.141592653589793e+00 1.787352150944796e+00
3.141592653589793e+00 1.912929873542809e+00 -3.141592653589793e+00 1.786352146737793e+00
3.141592653589793e+00 1.912929618620367e+00 -3.141592653589793e+00 1.785352141947959e+00
3.141592633317764e+00 1.912929361556820e+00 -3.141592643372764e+00 1.784352136578492e+00
3.141592633297653e+00 1.912929102346011e+00 -3.141592643388609e+00 1.783352130632549e+00
3.141592653589793e+00 1.912928840982139e+00 -3.141592653589793e+00 1.782352124113254e+00
3.141592624835853e+00 1.912928577459761e+00 -3.141592639207641e+00 1.781352117023696e+00
3.141592653589793e+00 1.912928311773799e+00 -3.141592653589793e+00 1.780352109366936e+00
3.141592653589793e+00 1.912928043919541e+00 -3.141592653589793e+00 1.779352101146005e+00
3.141592653589793e+00 1.912927773892638e+00 -3.141592653589793e+00 1.778352092363910e+00
3.141592653589793e+00 1.912927501689119e+00 -3.141592653589793e+00 1.777352083023637e+00
3.141592618203017e+00 1.912927227305386e+00 -3.141592636109404e+00 1.776352073128152e+00
3.141592653589793e+00 1.912926950738212e+00 -3.141592653589793e+00 1.775352062680403e+00
3.141592653589793e+00 1.912926671984754e+00 -3.141592653589793e+00 1.774352051683322e+00
3.141592633101117e+00 1.912926391042546e+00 -3.141592643543103e+00 1.773352040139829e+00
3.141592618069083e+00 1.912926107909504e+00 -3.141592636214520e+00 1.772352028052833e+00
3.141592618035934e+00 1.912925822583930e+00 -3.141592636240512e+00 1.771352015425233e+00
3.141592618002916e+00 1.912925535064507e+00 -3.141592636266392e+00 1.770352002259922e+00
3.141592624506376e+00 1.912925245350307e+00 -3.141592639466336e+00 1.769351988559787e+00
3.141592653589793e+00 1.912924953440791e+00 -3.141592653589793e+00 1.768351974327711e+00
3.141592653589793e+00 1.912924659335804e+00 -3.141592653589793e+00 1.767351959566575e+00
3.141592617872127e+00 1.912924363035584e+00 -3.141592636368813e+00 1.766351944279262e+00
3.141592653589793e+00 1.912924064540755e+00 -3.141592653589793e+00 1.765351928468652e+00
3.141592632930868e+00 1.912923763852338e+00 -3.141592643676452e+00 1.764351912137631e+00
3.141592624347422e+00 1.912923460971741e+00 -3.141592639590728e+00 1.763351895289088e+00
3.141592653589793e+00 1.912923155900763e+00 -3.141592653589793e+00 1.762351877925917e+00
3.141592653589793e+00 1.912922848641595e+00 -3.141592653589793e+00 1.761351860051019e+00
3.141592653589793e+00 1.912922539196823e+00 -3.141592653589793e+00 1.760351841667302e+00
3.141592653589793e+00 1.912922227569421e+00 -3.141592653589793e+00 1.759351822777685e+00
3.141592653589793e+00 1.912921913762758e+00 -3.141592653589793e+00 1.758351803385097e+00
3.141592653589793e+00 1.912921597780592e+00 -3.141592653589793e+00 1.757351783492476e+00
3.141592632784356e+00 1.912921279627076e+00 -3.141592643790883e+00 1.756351763102775e+00
3.141592624140987e+00 1.912920959306751e+00 -3.141592639751910e+00 1.755351742218958e+00
3.141592653589793e+00 1.912920636824546e+00 -3.141592653589793e+00 1.754351720844006e+00
3.141592653589793e+00 1.912920312185789e+00 -3.141592653589793e+00 1.753351698980912e+00
3.141592632712691e+00 1.912919985396187e+00 -3.141592643846753e+00 1.752351676632689e+00
3.141592653589793e+00 1.912919656461845e+00 -3.141592653589793e+00 1.751351653802363e+00
3.141592624014975e+00 1.912919325389248e+00 -3.141592639850107e+00 1.750351630492979e+00
3.141592632659607e+00 1.912918992185273e+00 -3.141592643888097e+00 1.749351606707602e+00
3.141592653589793e+00 1.912918656857184e+00 -3.141592653589793e+00 1.748351582449315e+00
3.141592632624525e+00 1.912918319412625e+00 -3.141592643915401e+00 1.747351557721220e+00
3.141592653589793e+00 1.912917979859628e+00 -3.141592653589793e+00 1.746351532526440e+00
3.141592617216540e+00 1.912917638206610e+00 -3.141592636880196e+00 1.745351506868120e+00
3.141592653589793e+00 1.912917294462366e+00 -3.141592653589793e+00 1.744351480749425e+00
3.141592632555084e+00 1.912916948636070e+00 -3.141592643969406e+00 1.743351454173544e+00
3.141592617126794e+00 1.912916600737283e+00 -3.141592636949966e+00 1.742351427143688e+00
3.141592653589793e+00 1.912916250775937e+00 -3.141592653589793e+00 1.741351399663091e+00
3.141592632503617e+00 1.912915898762345e+00 -3.141592644009397e+00 1.740351371735011e+00
3.141592623745338e+00 1.912915544707192e+00 -3.141592640059784e+00 1.739351343362729e+00
3.141592632469592e+00 1.912915188621541e+00 -3.141592644035820e+00 1.738351314549555e+00
3.141592653589793e+00 1.912914830516824e+00 -3.141592653589793e+00 1.737351285298819e+00
3.141592632435791e+00 1.912914470404846e+00 -3.141592644062058e+00 1.736351255613878e+00
3.141592653589793e+00 1.912914108297779e+00 -3.141592653589793e+00 1.735351225498116e+00
3.141592623626025e+00 1.912913744208168e+00 -3.141592640152387e+00 1.734351194954941e+00
3.141592653589793e+00 1.912913378148919e+00 -3.141592653589793e+00 1.733351163987792e+00
3.141592623578841e+00 1.912913010133305e+00 -3.141592640188980e+00 1.732351132600129e+00
3.141592653589793e+00 1.912912640174963e+00 -3.141592653589793e+00 1.731351100795444e+00
3.141592653589793e+00 1.912912268287888e+00 -3.141592653589793e+00 1.730351068577252e+00
3.141592653589793e+00 1.912911894486439e+00 -3.141592653589793e+00 1.729351035949099e+00
3.141592653589793e+00 1.912911518785331e+00 -3.141592653589793e+00 1.728351002914558e+00
3.141592653589793e+00 1.912911141199637e+00 -3.141592653589793e+00 1.727350969477231e+00
3.141592653589793e+00 1.912910761744781e+00 -3.141592653589793e+00 1.726350935640745e+00
3.141592632253730e+00 1.912910380436544e+00 -3.141592644203184e+00 1.725350901408760e+00
3.141592632237490e+00 1.912909997291055e+00 -3.141592644215757e+00 1.724350866784962e+00
3.141592653589793e+00 1.912909612324798e+00 -3.141592653589793e+00 1.723350831773067e+00
3.141592632205161e+00 1.912909225554600e+00 -3.141592644240782e+00 1.722350796376819e+00
3.141592632189071e+00 1.912908836997633e+00 -3.141592644253233e+00 1.721350760599993e+00
3.141592623301915e+00 1.912908446671419e+00 -3.141592640403456e+00 1.720350724446392e+00
3.141592653589793e+00 1.912908054593818e+00 -3.141592653589793e+00 1.719350687919851e+00
3.141592623256749e+00 1.912907660783034e+00 -3.141592640438392e+00 1.718350651024230e+00
3.141592653589793e+00 1.912907265257608e+00 -3.141592653589793e+00 1.717350613763424e+00
3.141592653589793e+00 1.912906868036422e+00 -3.141592653589793e+00 1.716350576141354e+00
3.141592653589793e+00 1.912906469138690e+00 -3.141592653589793e+00 1.715350538161975e+00
3.141592653589793e+00 1.912906068583964e+00 -3.141592653589793e+00 1.714350499829268e+00
3.141592632062084e+00 1.912905666392124e+00 -3.141592644351429e+00 1.713350461147248e+00
3.141592653589793e+00 1.912905262583387e+00 -3.141592653589793e+00 1.712350422119958e+00
3.141592653589793e+00 1.912904857178298e+00 -3.141592653589793e+00 1.711350382751473e+00
3.141592653589793e+00 1.912904450197727e+00 -3.141592653589793e+00 1.710350343045897e+00
3.141592653589793e+00 1.912904041662871e+00 -3.141592653589793e+00 1.709350303007366e+00
3.141592653589793e+00 1.912903631595254e+00 -3.141592653589793e+00 1.708350262640046e+00
3.141592653589793e+00 1.912903220016725e+00 -3.141592653589793e+00 1.707350221948136e+00
3.141592631953408e+00 1.912902806949448e+00 -3.141592644435374e+00 1.706350180935861e+00
3.141592653589793e+00 1.912902392415914e+00 -3.141592653589793e+00 1.705350139607483e+00
3.141592622947980e+00 1.912901976438930e+00 -3.141592640676951e+00 1.704350097967290e+00
3.141592631907500e+00 1.912901559041624e+00 -3.141592644470812e+00 1.703350056019604e+00
3.141592653589793e+00 1.912901140247434e+00 -3.141592653589793e+00 1.702350013768777e+00
3.141592653589793e+00 1.912900720080120e+00 -3.141592653589793e+00 1.701349971219194e+00
3.141592653589793e+00 1.912900298563750e+00 -3.141592653589793e+00 1.700349928375268e+00
3.141592653589793e+00 1.912899875722708e+00 -3.141592653589793e+00 1.699349885241446e+00
3.141592631831846e+00 1.912899451581689e+00 -3.141592644529185e+00 1.698349841822206e+00
3.141592653589793e+00 1.912899026165695e+00 -3.141592653589793e+00 1.697349798122057e+00
3.141592653589793e+00 1.912898599500041e+00 -3.141592653589793e+00 1.696349754145540e+00
3.141592653589793e+00 1.912898171610349e+00 -3.141592653589793e+00 1.695349709897228e+00
3.141592653589793e+00 1.912897742522546e+00 -3.141592653589793e+00 1.694349665381724e+00
3.141592653589793e+00 1.912897312262864e+00 -3.141592653589793e+00 1.693349620603664e+00
3.141592653589793e+00 1.912896880857846e+00 -3.141592653589793e+00 1.692349575567717e+00
3.141592653589793e+00 1.912896448334334e+00 -3.141592653589793e+00 1.691349530278582e+00
3.141592653589793e+00 1.912896014719473e+00 -3.141592653589793e+00 1.690349484740991e+00
3.141592653589793e+00 1.912895580040713e+00 -3.141592653589793e+00 1.689349438959707e+00
3.141592622609813e+00 1.912895144325804e+00 -3.141592640937762e+00 1.688349392939527e+00
3.141592653589793e+00 1.912894707602802e+00 -3.141592653589793e+00 1.687349346685280e+00
3.141592653589793e+00 1.912894269900054e+00 -3.141592653589793e+00 1.686349300201825e+00
3.141592653589793e+00 1.912893831246215e+00 -3.141592653589793e+00 1.685349253494057e+00
3.141592631625468e+00 1.912893391670240e+00 -3.141592644688282e+00 1.684349206566901e+00
3.141592653589793e+00 1.912892951201375e+00 -3.141592653589793e+00 1.683349159425315e+00
3.141592653589793e+00 1.912892509869173e+00 -3.141592653589793e+00 1.682349112074291e+00
3.141592653589793e+00 1.912892067703483e+00 -3.141592653589793e+00 1.681349064518854e+00
3.141592653589793e+00 1.912891624734450e+00 -3.141592653589793e+00 1.680349016764060e+00
3.141592653589793e+00 1.912891180992519e+00 -3.141592653589793e+00 1.679348968814999e+00
3.141592631539352e+00 1.912890736508433e+00 -3.141592644754621e+00 1.678348920676797e+00
3.141592653589793e+00 1.912890291313232e+00 -3.141592653589793e+00 1.677348872354609e+00
3.141592653589793e+00 1.912889845438256e+00 -3.141592653589793e+00 1.676348823853628e+00
3.141592653589793e+00 1.912889398915143e+00 -3.141592653589793e+00 1.675348775179079e+00
3.141592631482682e+00 1.912888951775825e+00 -3.141592644798265e+00 1.674348726336219e+00
3.141592631468605e+00 1.912888504052536e+00 -3.141592644809105e+00 1.673348677330341e+00
3.141592653589793e+00 1.912888055777811e+00 -3.141592653589793e+00 1.672348628166774e+00
3.141592653589793e+00 1.912887606984480e+00 -3.141592653589793e+00 1.671348578850880e+00
3.141592631426587e+00 1.912887157705676e+00 -3.141592644841458e+00 1.670348529388053e+00
3.141592653589793e+00 1.912886707974830e+00 -3.141592653589793e+00 1.669348479783726e+00
3.141592653589793e+00 1.912886257825679e+00 -3.141592653589793e+00 1.668348430043367e+00
3.141592653589793e+00 1.912885807292256e+00 -3.141592653589793e+00 1.667348380172476e+00
3.141592653589793e+00 1.912885356408900e+00 -3.141592653589793e+00 1.666348330176592e+00
3.141592653589793e+00 1.912884905210253e+00 -3.141592653589793e+00 1.665348280061289e+00
3.141592653589793e+00 1.912884453731261e+00 -3.141592653589793e+00 1.664348229832176e+00
3.141592653589793e+00 1.912884002007181e+00 -3.141592653589793e+00 1.663348179494901e+00
3.141592631316073e+00 1.912883550073570e+00 -3.141592644926542e+00 1.662348129055144e+00
3.141592653589793e+00 1.912883097966295e+00 -3.141592653589793e+00 1.661348078518628e+00
3.141592631288785e+00 1.912882645721538e+00 -3.141592644947549e+00 1.660348027891109e+00
3.141592653589793e+00 1.912882193375787e+00 -3.141592653589793e+00 1.659347977178384e+00
3.141592631261628e+00 1.912881740965846e+00 -3.141592644968454e+00 1.658347926386283e+00
3.141592653589793e+00 1.912881288528833e+00 -3.141592653589793e+00 1.657347875520681e+00
3.141592631234604e+00 1.912880836102181e+00 -3.141592644989257e+00 1.656347824587487e+00
3.141592653589793e+00 1.912880383723643e+00 -3.141592653589793e+00 1.655347773592649e+00
3.141592631207709e+00 1.912879931431293e+00 -3.141592645009961e+00 1.654347722542157e+00
3.141592653589793e+00 1.912879479263527e+00 -3.141592653589793e+00 1.653347671442040e+00
3.141592653589793e+00 1.912879027259067e+00 -3.141592653589793e+00 1.652347620298367e+00
3.141592653589793e+00 1.912878575456960e+00 -3.141592653589793e+00 1.651347569117247e+00
3.141592653589793e+00 1.912878123896585e+00 -3.141592653589793e+00 1.650347517904832e+00
3.141592653589793e+00 1.912877672617656e+00 -3.141592653589793e+00 1.649347466667314e+00
3.141592631127792e+00 1.912877221660215e+00 -3.141592645071483e+00 1.648347415410927e+00
3.141592653589793e+00 1.912876771064649e+00 -3.141592653589793e+00 1.647347364141950e+00
3.141592653589793e+00 1.912876320871683e+00 -3.141592653589793e+00 1.646347312866703e+00
3.141592653589793e+00 1.912875871122387e+00 -3.141592653589793e+00 1.645347261591549e+00
3.141592653589793e+00 1.912875421858180e+00 -3.141592653589793e+00 1.644347210322898e+00
3.141592621730758e+00 1.912874973120828e+00 -3.141592641614661e+00 1.643347159067203e+00
3.141592653589793e+00 1.912874524952455e+00 -3.141592653589793e+00 1.642347107830961e+00
3.141592653589793e+00 1.912874077395544e+00 -3.141592653589793e+00 1.641347056620718e+00
3.141592653589793e+00 1.912873630492937e+00 -3.141592653589793e+00 1.640347005443065e+00
3.141592631010008e+00 1.912873184287841e+00 -3.141592645162170e+00 1.639346954304640e+00
3.141592630997072e+00 1.912872738823840e+00 -3.141592645172131e+00 1.638346903212128e+00
3.141592630984166e+00 1.912872294144884e+00 -3.141592645182071e+00 1.637346852172266e+00
3.141592630971288e+00 1.912871850295307e+00 -3.141592645191988e+00 1.636346801191836e+00
3.141592653589793e+00 1.912871407319825e+00 -3.141592653589793e+00 1.635346750277674e+00
3.141592653589793e+00 1.912870965263541e+00 -3.141592653589793e+00 1.634346699436663e+00
3.141592653589793e+00 1.912870524171951e+00 -3.141592653589793e+00 1.633346648675740e+00
3.141592653589793e+00 1.912870084090952e+00 -3.141592653589793e+00 1.632346598001893e+00
3.141592653589793e+00 1.912869645066842e+00 -3.141592653589793e+00 1.631346547422164e+00
3.141592621493990e+00 1.912869207146328e+00 -3.141592641797001e+00 1.630346496943649e+00
3.141592653589793e+00 1.912868770376530e+00 -3.141592653589793e+00 1.629346446573497e+00
3.141592630869311e+00 1.912868334804989e+00 -3.141592645270539e+00 1.628346396318915e+00
3.141592653589793e+00 1.912867900479674e+00 -3.141592653589793e+00 1.627346346187166e+00
3.141592653589793e+00 1.912867467448983e+00 -3.141592653589793e+00 1.626346296185570e+00
3.141592653589793e+00 1.912867035761757e+00 -3.141592653589793e+00 1.625346246321504e+00
3.141592630819002e+00 1.912866605467275e+00 -3.141592645309303e+00 1.624346196602408e+00
3.141592630806494e+00 1.912866176615275e+00 -3.141592645318943e+00 1.623346147035781e+00
3.141592630794014e+00 1.912865749255948e+00 -3.141592645328561e+00 1.622346097629181e+00
3.141592653589793e+00 1.912865323439956e+00 -3.141592653589793e+00 1.621346048390232e+00
3.141592653589793e+00 1.912864899218430e+00 -3.141592653589793e+00 1.620345999326620e+00
3.141592630756737e+00 1.912864476642984e+00 -3.141592645357295e+00 1.619345950446097e+00
3.141592630744365e+00 1.912864055765722e+00 -3.141592645366833e+00 1.618345901756481e+00
3.141592630732021e+00 1.912863636639239e+00 -3.141592645376351e+00 1.617345853265655e+00
3.141592630719702e+00 1.912863219316642e+00 -3.141592645385849e+00 1.616345804981573e+00
3.141592653589793e+00 1.912862803851547e+00 -3.141592653589793e+00 1.615345756912258e+00
3.141592653589793e+00 1.912862390298093e+00 -3.141592653589793e+00 1.614345709065802e+00
3.141592630682907e+00 1.912861978710952e+00 -3.141592645414225e+00 1.613345661450374e+00
3.141592653589793e+00 1.912861569145333e+00 -3.141592653589793e+00 1.612345614074212e+00
3.141592653589793e+00 1.912861161656998e+00 -3.141592653589793e+00 1.611345566945632e+00
3.141592653589793e+00 1.912860756302267e+00 -3.141592653589793e+00 1.610345520073025e+00
3.141592630634213e+00 1.912860353138031e+00 -3.141592645451788e+00 1.609345473464860e+00
3.141592653589793e+00 1.912859952221763e+00 -3.141592653589793e+00 1.608345427129688e+00
3.141592630610021e+00 1.912859553611522e+00 -3.141592645470455e+00 1.607345381076137e+00
3.141592653589793e+00 1.912859157365969e+00 -3.141592653589793e+00 1.606345335312922e+00
3.141592630585931e+00 1.912858763544385e+00 -3.141592645489047e+00 1.605345289848839e+00
3.141592630573924e+00 1.912858372206666e+00 -3.141592645498315e+00 1.604345244692774e+00
3.141592653589793e+00 1.912857983413352e+00 -3.141592653589793e+00 1.603345199853695e+00
3.141592653589793e+00 1.912857597225625e+00 -3.141592653589793e+00 1.602345155340665e+00
3.141592630538054e+00 1.912857213705334e+00 -3.141592645526009e+00 1.601345111162836e+00
3.141592630526147e+00 1.912856832914996e+00 -3.141592645535203e+00 1.600345067329454e+00
3.141592653589793e+00 1.912856454917818e+00 -3.141592653589793e+00 1.599345023849858e+00
3.141592630502407e+00 1.912856079777708e+00 -3.141592645553538e+00 1.598344980733487e+00
3.141592653589793e+00 1.912855707559286e+00 -3.141592653589793e+00 1.597344937989878e+00
3.141592653589793e+00 1.912855338327902e+00 -3.141592653589793e+00 1.596344895628669e+00
3.141592653589793e+00 1.912854972149649e+00 -3.141592653589793e+00 1.595344853659602e+00
3.141592653589793e+00 1.912854609091377e+00 -3.141592653589793e+00 1.594344812092524e+00
3.141592653589793e+00 1.912854249220709e+00 -3.141592653589793e+00 1.593344770937390e+00
3.141592653589793e+00 1.912853892606061e+00 -3.141592653589793e+00 1.592344730204265e+00
3.141592630420085e+00 1.912853539316653e+00 -3.141592645617152e+00 1.591344689903326e+00
3.141592653589793e+00 1.912853189422523e+00 -3.141592653589793e+00 1.590344650044866e+00
3.141592653589793e+00 1.912852842994555e+00 -3.141592653589793e+00 1.589344610639295e+00
3.141592653589793e+00 1.912852500104486e+00 -3.141592653589793e+00 1.588344571697141e+00
3.141592653589793e+00 1.912852160824930e+00 -3.141592653589793e+00 1.587344533229058e+00
3.141592653589793e+00 1.912851825229392e+00 -3.141592653589793e+00 1.586344495245821e+00
3.141592630350452e+00 1.912851493392290e+00 -3.141592645671003e+00 1.585344457758336e+00
3.141592653589793e+00 1.912851165388977e+00 -3.141592653589793e+00 1.584344420777639e+00
3.141592630327428e+00 1.912850841295753e+00 -3.141592645688819e+00 1.583344384314898e+00
3.141592630315951e+00 1.912850521189898e+00 -3.141592645697702e+00 1.582344348381421e+00
3.141592653589793e+00 1.912850205149676e+00 -3.141592653589793e+00 1.581344312988652e+00
3.141592653589793e+00 1.912849893254372e+00 -3.141592653589793e+00 1.580344278148180e+00
3.141592630281655e+00 1.912849585584309e+00 -3.141592645724252e+00 1.579344243871737e+00
3.141592653589793e+00 1.912849282220867e+00 -3.141592653589793e+00 1.578344210171209e+00
3.141592630258904e+00 1.912848983246510e+00 -3.141592645741870e+00 1.577344177058629e+00
3.141592653589793e+00 1.912848688744814e+00 -3.141592653589793e+00 1.576344144546192e+00
3.141592653589793e+00 1.912848398800478e+00 -3.141592653589793e+00 1.575344112646246e+00
3.141592630224947e+00 1.912848113499370e+00 -3.141592645768178e+00 1.574344081371307e+00
3.141592653589793e+00 1.912847832928529e+00 -3.141592653589793e+00 1.573344050734057e+00
3.141592653589793e+00 1.912847557176216e+00 -3.141592653589793e+00 1.572344020747348e+00
3.141592653589793e+00 1.912847286331919e+00 -3.141592653589793e+00 1.571343991424206e+00
3.141592653589793e+00 1.912847020486397e+00 -3.141592653589793e+00 1.570343962777837e+00
3.141592653589793e+00 1.912846759731703e+00 -3.141592653589793e+00 1.569343934821630e+00
3.141592653589793e+00 1.912846504161211e+00 -3.141592653589793e+00 1.568343907569160e+00
3.141592653589793e+00 1.912846253869651e+00 -3.141592653589793e+00 1.567343881034194e+00
3.141592653589793e+00 1.912846008953137e+00 -3.141592653589793e+00 1.566343855230694e+00
3.141592653589793e+00 1.912845769509203e+00 -3.141592653589793e+00 1.565343830172825e+00
3.141592653589793e+00 1.912845535636830e+00 -3.141592653589793e+00 1.564343805874955e+00
3.141592653589793e+00 1.912845307436481e+00 -3.141592653589793e+00 1.563343782351663e+00
3.141592653589793e+00 1.912845085010144e+00 -3.141592653589793e+00 1.562343759617742e+00
3.141592653589793e+00 1.912844868461353e+00 -3.141592653589793e+00 1.561343737688206e+00
3.141592653589793e+00 1.912844657895241e+00 -3.141592653589793e+00 1.560343716578295e+00
3.141592653589793e+00 1.912844453418559e+00 -3.141592653589793e+00 1.559343696303478e+00
3.141592630047154e+00 1.912844255139732e+00 -3.141592645906123e+00 1.558343676879463e+00
3.141592630036222e+00 1.912844063168888e+00 -3.141592645914617e+00 1.557343658322196e+00
3.141592653589793e+00 1.912843877617904e+00 -3.141592653589793e+00 1.556343640647875e+00
3.141592653589793e+00 1.912843698600440e+00 -3.141592653589793e+00 1.555343623872949e+00
3.141592653589793e+00 1.912843526231990e+00 -3.141592653589793e+00 1.554343608014128e+00
3.141592629992703e+00 1.912843360629928e+00 -3.141592645948447e+00 1.553343593088387e+00
3.141592629981874e+00 1.912843201913539e+00 -3.141592645956868e+00 1.552343579112975e+00
3.141592653589793e+00 1.912843050204084e+00 -3.141592653589793e+00 1.551343566105421e+00
3.141592653589793e+00 1.912842905624830e+00 -3.141592653589793e+00 1.550343554083537e+00
3.141592629949510e+00 1.912842768301114e+00 -3.141592645982047e+00 1.549343543065432e+00
3.141592629938762e+00 1.912842638360385e+00 -3.141592645990412e+00 1.548343533069512e+00
3.141592629928035e+00 1.912842515932255e+00 -3.141592645998763e+00 1.547343524114494e+00
3.141592653589793e+00 1.912842401148561e+00 -3.141592653589793e+00 1.546343516219409e+00
3.141592653589793e+00 1.912842294143408e+00 -3.141592653589793e+00 1.545343509403609e+00
3.141592629895972e+00 1.912842195053234e+00 -3.141592646023732e+00 1.544343503686783e+00
3.141592653589793e+00 1.912842104016863e+00 -3.141592653589793e+00 1.543343499088953e+00
3.141592653589793e+00 1.912842021175569e+00 -3.141592653589793e+00 1.542343495630494e+00
3.141592653589793e+00 1.912841946673132e+00 -3.141592653589793e+00 1.541343493332136e+00
3.141592653589793e+00 1.912841880655904e+00 -3.141592653589793e+00 1.540343492214975e+00
3.141592653589793e+00 1.912841823272870e+00 -3.141592653589793e+00 1.539343492300481e+00
3.141592653589793e+00 1.912841774675722e+00 -3.141592653589793e+00 1.538343493610512e+00
3.141592629821846e+00 1.912841735018918e+00 -3.141592646081514e+00 1.537343496167316e+00
3.141592629811334e+00 1.912841704459760e+00 -3.141592646089715e+00 1.536343499993548e+00
3.141592653589793e+00 1.912841683158460e+00 -3.141592653589793e+00 1.535343505112278e+00
3.141592653589793e+00 1.912841671278219e+00 -3.141592653589793e+00 1.534343511547000e+00
3.141592629779914e+00 1.912841668985301e+00 -3.141592646114238e+00 1.533343519321645e+00
3.141592653589793e+00 1.912841676449113e+00 -3.141592653589793e+00 1.532343528460592e+00
3.141592653589793e+00 1.912841693842285e+00 -3.141592653589793e+00 1.531343538988678e+00
3.141592653589793e+00 1.912841721340753e+00 -3.141592653589793e+00 1.530343550931213e+00
3.141592653589793e+00 1.912841759123845e+00 -3.141592653589793e+00 1.529343564313987e+00
3.141592653589793e+00 1.912841807374372e+00 -3.141592653589793e+00 1.528343579163291e+00
3.141592653589793e+00 1.912841866278711e+00 -3.141592653589793e+00 1.527343595505919e+00
3.141592653589793e+00 1.912841936026908e+00 -3.141592653589793e+00 1.526343613369191e+00
3.141592629696957e+00 1.912842016812769e+00 -3.141592646179061e+00 1.525343632780963e+00
3.141592653589793e+00 1.912842108833960e+00 -3.141592653589793e+00 1.524343653769640e+00
3.141592653589793e+00 1.912842212292106e+00 -3.141592653589793e+00 1.523343676364191e+00
3.141592653589793e+00 1.912842327392902e+00 -3.141592653589793e+00 1.522343700594168e+00
3.141592653589793e+00 1.912842454346216e+00 -3.141592653589793e+00 1.521343726489714e+00
3.141592653589793e+00 1.912842593366201e+00 -3.141592653589793e+00 1.520343754081587e+00
3.141592629635516e+00 1.912842744671417e+00 -3.141592646227147e+00 1.519343783401169e+00
3.141592629625340e+00 1.912842908484931e+00 -3.141592646235118e+00 1.518343814480489e+00
3.141592629615181e+00 1.912843085034462e+00 -3.141592646243077e+00 1.517343847352236e+00
3.141592653589793e+00 1.912843274552491e+00 -3.141592653589793e+00 1.516343882049781e+00
3.141592629594918e+00 1.912843477276390e+00 -3.141592646258957e+00 1.515343918607190e+00
3.141592653589793e+00 1.912843693448564e+00 -3.141592653589793e+00 1.514343957059250e+00
3.141592629574726e+00 1.912843923316581e+00 -3.141592646274789e+00 1.513343997441480e+00
3.141592629564657e+00 1.912844167133315e+00 -3.141592646282688e+00 1.512344039790160e+00
3.141592653589793e+00 1.912844425157094e+00 -3.141592653589793e+00 1.511344084142346e+00
3.141592653589793e+00 1.912844697651848e+00 -3.141592653589793e+00 1.510344130535894e+00
3.141592653589793e+00 1.912844984887258e+00 -3.141592653589793e+00 1.509344179009479e+00
3.141592653589793e+00 1.912845287138931e+00 -3.141592653589793e+00 1.508344229602624e+00
3.141592653589793e+00 1.912845604688550e+00 -3.141592653589793e+00 1.507344282355717e+00
3.141592629504610e+00 1.912845937824048e+00 -3.141592646329828e+00 1.506344337310039e+00
3.141592653589793e+00 1.912846286839786e+00 -3.141592653589793e+00 1.505344394507786e+00
3.141592653589793e+00 1.912846652036730e+00 -3.141592653589793e+00 1.504344453992100e+00
3.141592653589793e+00 1.912847033722639e+00 -3.141592653589793e+00 1.503344515807089e+00
3.141592629464926e+00 1.912847432212254e+00 -3.141592646361021e+00 1.502344579997859e+00
3.141592653589793e+00 1.912847847827503e+00 -3.141592653589793e+00 1.501344646610543e+00
3.141592653589793e+00 1.912848280897697e+00 -3.141592653589793e+00 1.500344715692324e+00
3.141592653589793e+00 1.912848731759746e+00 -3.141592653589793e+00 1.499344787291472e+00
3.141592653589793e+00 1.912849200758374e+00 -3.141592653589793e+00 1.498344861457373e+00
3.141592653589793e+00 1.912849688246346e+00 -3.141592653589793e+00 1.497344938240559e+00
3.141592629405911e+00 1.912850194584703e+00 -3.141592646407469e+00 1.496345017692744e+00
3.141592653589793e+00 1.912850720142987e+00 -3.141592653589793e+00 1.495345099866855e+00
3.141592653589793e+00 1.912851265299509e+00 -3.141592653589793e+00 1.494345184817071e+00
3.141592629376630e+00 1.912851830441584e+00 -3.141592646430542e+00 1.493345272598855e+00
3.141592653589793e+00 1.912852415965810e+00 -3.141592653589793e+00 1.492345363268998e+00
3.141592653589793e+00 1.912853022278330e+00 -3.141592653589793e+00 1.491345456885649e+00
3.141592653589793e+00 1.912853649795116e+00 -3.141592653589793e+00 1.490345553508366e+00
3.141592653589793e+00 1.912854298942261e+00 -3.141592653589793e+00 1.489345653198145e+00
3.141592653589793e+00 1.912854970156274e+00 -3.141592653589793e+00 1.488345756017476e+00
3.141592653589793e+00 1.912855663884395e+00 -3.141592653589793e+00 1.487345862030374e+00
3.141592653589793e+00 1.912856380584907e+00 -3.141592653589793e+00 1.486345971302435e+00
3.141592653589793e+00 1.912857120727474e+00 -3.141592653589793e+00 1.485346083900879e+00
3.141592653589793e+00 1.912857884793476e+00 -3.141592653589793e+00 1.484346199894597e+00
3.141592629280097e+00 1.912858673276368e+00 -3.141592646506742e+00 1.483346319354206e+00
3.141592653589793e+00 1.912859486682038e+00 -3.141592653589793e+00 1.482346442352096e+00
3.141592653589793e+00 1.912860325529181e+00 -3.141592653589793e+00 1.481346568962486e+00
3.141592653589793e+00 1.912861190349700e+00 -3.141592653589793e+00 1.480346699261482e+00
3.141592653589793e+00 1.912862081689095e+00 -3.141592653589793e+00 1.479346833327129e+00
3.141592629232435e+00 1.912863000106888e+00 -3.141592646544443e+00 1.478346971239475e+00
3.141592653589793e+00 1.912863946177041e+00 -3.141592653589793e+00 1.477347113080630e+00
3.141592629213482e+00 1.912864920488414e+00 -3.141592646559451e+00 1.476347258934830e+00
3.141592629204029e+00 1.912865923645212e+00 -3.141592646566940e+00 1.475347408888503e+00
3.141592653589793e+00 1.912866956267468e+00 -3.141592653589793e+00 1.474347563030335e+00
3.141592653589793e+00 1.912868018991526e+00 -3.141592653589793e+00 1.473347721451342e+00
3.141592653589793e+00 1.912869112470553e+00 -3.141592653589793e+00 1.472347884244942e+00
3.141592653589793e+00 1.912870237375061e+00 -3.141592653589793e+00 1.471348051507029e+00
3.141592653589793e+00 1.912871394393449e+00 -3.141592653589793e+00 1.470348223336051e+00
3.141592653589793e+00 1.912872584232566e+00 -3.141592653589793e+00 1.469348399833089e+00
3.141592653589793e+00 1.912873807618286e+00 -3.141592653589793e+00 1.468348581101941e+00
3.141592653589793e+00 1.912875065296109e+00 -3.141592653589793e+00 1.467348767249208e+00
3.141592653589793e+00 1.912876358031784e+00 -3.141592653589793e+00 1.466348958384380e+00
3.141592653589793e+00 1.912877686611941e+00 -3.141592653589793e+00 1.465349154619930e+00
3.141592653589793e+00 1.912879051844764e+00 -3.141592653589793e+00 1.464349356071407e+00
3.141592653589793e+00 1.912880454560666e+00 -3.141592653589793e+00 1.463349562857535e+00
3.141592653589793e+00 1.912881895613002e+00 -3.141592653589793e+00 1.462349775100311e+00
3.141592653589793e+00 1.912883375878800e+00 -3.141592653589793e+00 1.461349992925114e+00
3.141592653589793e+00 1.912884896259518e+00 -3.141592653589793e+00 1.460350216460810e+00
3.141592653589793e+00 1.912886457681825e+00 -3.141592653589793e+00 1.459350445839864e+00
3.141592629045677e+00 1.912888061098410e+00 -3.141592646692713e+00 1.458350681198457e+00
3.141592653589793e+00 1.912889707488817e+00 -3.141592653589793e+00 1.457350922676602e+00
3.141592653589793e+00 1.912891397860310e+00 -3.141592653589793e+00 1.456351170418271e+00
3.141592653589793e+00 1.912893133248766e+00 -3.141592653589793e+00 1.455351424571519e+00
3.141592653589793e+00 1.912894914719590e+00 -3.141592653589793e+00 1.454351685288619e+00
3.141592653589793e+00 1.912896743368680e+00 -3.141592653589793e+00 1.453351952726196e+00
3.141592653589793e+00 1.912898620323399e+00 -3.141592653589793e+00 1.452352227045365e+00
3.141592653589793e+00 1.912900546743599e+00 -3.141592653589793e+00 1.451352508411882e+00
3.141592653589793e+00 1.912902523822663e+00 -3.141592653589793e+00 1.450352796996287e+00
3.141592653589793e+00 1.912904552788596e+00 -3.141592653589793e+00 1.449353092974065e+00
3.141592653589793e+00 1.912906634905132e+00 -3.141592653589793e+00 1.448353396525800e+00
3.141592653589793e+00 1.912908771472898e+00 -3.141592653589793e+00 1.447353707837341e+00
3.141592653589793e+00 1.912910963830593e+00 -3.141592653589793e+00 1.446354027099973e+00
3.141592653589793e+00 1.912913213356223e+00 -3.141592653589793e+00 1.445354354510593e+00
3.141592653589793e+00 1.912915521468353e+00 -3.141592653589793e+00 1.444354690271885e+00
3.141592653589793e+00 1.912917889627418e+00 -3.141592653589793e+00 1.443355034592512e+00
3.141592653589793e+00 1.912920319337058e+00 -3.141592653589793e+00 1.442355387687301e+00
3.141592653589793e+00 1.912922812145498e+00 -3.141592653589793e+00 1.441355749777446e+00
3.141592653589793e+00 1.912925369646966e+00 -3.141592653589793e+00 1.440356121090704e+00
3.141592628873759e+00 1.912927993483151e+00 -3.141592646830035e+00 1.439356501861608e+00
3.141592653589793e+00 1.912930685344701e+00 -3.141592653589793e+00 1.438356892331677e+00
3.141592628855960e+00 1.912933446972758e+00 -3.141592646844301e+00 1.437357292749639e+00
3.141592628847082e+00 1.912936280160537e+00 -3.141592646851420e+00 1.436357703371651e+00
3.141592653589793e+00 1.912939186754940e+00 -3.141592653589793e+00 1.435358124461533e+00
3.141592653589793e+00 1.912942168658210e+00 -3.141592653589793e+00 1.434358556291004e+00
3.141592628820530e+00 1.912945227829626e+00 -3.141592646872728e+00 1.433358999139921e+00
3.141592653589793e+00 1.912948366287222e+00 -3.141592653589793e+00 1.432359453296524e+00
3.141592653589793e+00 1.912951586109557e+00 -3.141592653589793e+00 1.431359919057694e+00
3.141592653589793e+00 1.912954889437506e+00 -3.141592653589793e+00 1.430360396729200e+00
3.141592653589793e+00 1.912958278476087e+00 -3.141592653589793e+00 1.429360886625965e+00
3.141592653589793e+00 1.912961755496307e+00 -3.141592653589793e+00 1.428361389072329e+00
3.141592628767793e+00 1.912965322837049e+00 -3.141592646915113e+00 1.427361904402313e+00
3.141592653589793e+00 1.912968982906961e+00 -3.141592653589793e+00 1.426362432959896e+00
3.141592653589793e+00 1.912972738186369e+00 -3.141592653589793e+00 1.425362975099279e+00
3.141592653589793e+00 1.912976591229206e+00 -3.141592653589793e+00 1.424363531185167e+00
3.141592653589793e+00 1.912980544664929e+00 -3.141592653589793e+00 1.423364101593037e+00
