-1.560000e+00 4.404246162125660e+01 2.564722469097841e+02 1.232387765419775e-05 -4.522526848855982e-04 1.211385376597174e-08 2.133265017925566e-03
-1.561000e+00 4.404162659971343e+01 2.530236126856883e+02 1.204429836384207e-05 -4.486322505212477e-04 1.205706529179411e-08 2.117056463689866e-03
-1.562000e+00 4.404080620079176e+01 2.496371888962728e+02 1.177121346306218e-05 -4.450287307620083e-04 1.200029291432372e-08 2.100918242953271e-03
-1.563000e+00 4.404000011997085e+01 2.463116725066008e+02 1.150446310979008e-05 -4.414421910479002e-04 1.194342682604520e-08 2.084830773636578e-03
-1.564000e+00 4.403920805876501e+01 2.430457848762238e+02 1.124401630720840e-05 -4.378726707696335e-04 1.188621903794771e-08 2.068806389156054e-03
-1.565000e+00 4.403842972469083e+01 2.398382754585498e+02 1.098934607230557e-05 -4.343202860364730e-04 1.182969664281704e-08 2.052857535570747e-03
-1.566000e+00 4.403766483123307e+01 2.366879162038097e+02 1.074067891354022e-05 -4.307850250716286e-04 1.177233462735536e-08 2.036884329625892e-03
-1.567000e+00 4.403691309781011e+01 2.335935069420202e+02 1.049774522114224e-05 -4.272669533976895e-04 1.171516200855066e-08 2.021011257291161e-03
-1.568000e+00 4.403617424972047e+01 2.305538725440675e+02 1.026040397111689e-05 -4.237661116507889e-04 1.165792961923321e-08 2.005194533514571e-03
-1.569000e+00 4.403544801808936e+01 2.275678622634157e+02 1.002851769858854e-05 -4.202825363218053e-04 1.160064443386689e-08 1.989435273874300e-03
-1.570000e+00 4.403473413979615e+01 2.246343507196898e+02 9.802073923368038e-06 -4.168162430713177e-04 1.154303802005345e-08 1.973742479982343e-03
-1.571000e+00 4.403403235740912e+01 2.217522373427814e+02 9.580577596927022e-06 -4.133673115590173e-04 1.148595333771394e-08 1.958095229899673e-03
-1.572000e+00 4.403334241910736e+01 2.189204447079949e+02 9.364265988629224e-06 -4.099357164395839e-04 1.142854883192927e-08 1.942514449025740e-03
-1.573000e+00 4.403266407860441e+01 2.161379209587990e+02 9.153013201350686e-06 -4.065214813661435e-04 1.137083567249314e-08 1.927002105680203e-03
-1.574000e+00 4.403199709505706e+01 2.134036366556658e+02 8.946458707814207e-06 -4.031246566699844e-04 1.131338424907603e-08 1.911545346375318e-03
-1.575000e+00 4.403134123298613e+01 2.107165864176156e+02 8.744486900752228e-06 -3.997452570701100e-04 1.125619809560096e-08 1.896144456118663e-03
-1.576000e+00 4.403069626218128e+01 2.080757869808527e+02 8.547337752235154e-06 -3.963832524837988e-04 1.119844160561334e-08 1.880822199657409e-03
-1.577000e+00 4.403006195761130e+01 2.054802782320724e+02 8.354428317190250e-06 -3.930387107673852e-04 1.114127741583019e-08 1.865555972406994e-03
-1.578000e+00 4.402943809933022e+01 2.029291223760734e+02 8.166002348585926e-06 -3.897115980951295e-04 1.108382069333697e-08 1.850360322817409e-03
-1.579000e+00 4.402882447238192e+01 2.004214030205712e+02 7.981836481863163e-06 -3.864019345162518e-04 1.102637900554826e-08 1.835232297632717e-03
-1.580000e+00 4.402822086670443e+01 1.979562253436069e+02 7.801827600296498e-06 -3.831097238423851e-04 1.096895899683768e-08 1.820172823462238e-03
-1.581000e+00 4.402762707703276e+01 1.955327281135597e+02 7.625875277266195e-06 -3.798349678164091e-04 1.091156888644733e-08 1.805183078973622e-03
-1.582000e+00 4.402704290280550e+01 1.931500324329087e+02 7.453881708130122e-06 -3.765776662255424e-04 1.085421154147232e-08 1.790263334577297e-03
-1.583000e+00 4.402646814806166e+01 1.908073178136622e+02 7.285751642346322e-06 -3.733378170079745e-04 1.079689735012281e-08 1.775415108408550e-03
-1.584000e+00 4.402590262134706e+01 1.885037749399367e+02 7.121392316603635e-06 -3.701154163525868e-04 1.073963162596204e-08 1.760639057354027e-03
-1.585000e+00 4.402534613562231e+01 1.862386069088168e+02 6.960713390335338e-06 -3.669104587928307e-04 1.068242149623687e-08 1.745936129579422e-03
-1.586000e+00 4.402479850816087e+01 1.840110439990942e+02 6.803626880996873e-06 -3.637229372946525e-04 1.062527319688145e-08 1.731307113588114e-03
-1.587000e+00 4.402425956045501e+01 1.818203255138507e+02 6.650047101723730e-06 -3.605528433391701e-04 1.056819360750767e-08 1.716752893029447e-03
-1.588000e+00 4.402372911812475e+01 1.796657118094774e+02 6.499890599695394e-06 -3.574001670001470e-04 1.051119059790833e-08 1.702274502027207e-03
-1.589000e+00 4.402320701082196e+01 1.775464912662251e+02 6.353076096071978e-06 -3.542648970167104e-04 1.045426715572708e-08 1.687872162366374e-03
-1.590000e+00 4.402269307213999e+01 1.754619578232133e+02 6.209524427394759e-06 -3.511470208614458e-04 1.039743229502344e-08 1.673547074043177e-03
-1.591000e+00 4.402218713952180e+01 1.734114311859429e+02 6.069158487713448e-06 -3.480465248044984e-04 1.034069210683297e-08 1.659299945876361e-03
-1.592000e+00 4.402168905417055e+01 1.713942381005888e+02 5.931903173362534e-06 -3.449633939732829e-04 1.028405308432340e-08 1.645131541460218e-03
-1.593000e+00 4.402119866096239e+01 1.694097324806735e+02 5.797685327003399e-06 -3.418976124090202e-04 1.022752099997210e-08 1.631042496761049e-03
-1.594000e+00 4.402071580835918e+01 1.674572775107898e+02 5.666433685650719e-06 -3.388491631190438e-04 1.017110258365647e-08 1.617033592340235e-03
-1.595000e+00 4.402024034832325e+01 1.655362553742366e+02 5.538181688699313e-06 -3.358180200669538e-04 1.011449059658226e-08 1.603108608401759e-03
-1.596000e+00 4.401977213623383e+01 1.636460628025141e+02 5.412553121184476e-06 -3.328041885158040e-04 1.005863028652351e-08 1.589258726116527e-03
-1.597000e+00 4.401931103080479e+01 1.617861118687021e+02 5.289790677833530e-06 -3.298076244774807e-04 1.000258854229772e-08 1.575494059795765e-03
-1.598000e+00 4.401885689400554e+01 1.599558277250487e+02 5.169727300969983e-06 -3.268283153471347e-04 9.946684154210267e-09 1.561812030831918e-03
-1.599000e+00 4.401840959097919e+01 1.581546544006794e+02 5.052300440933566e-06 -3.238662396442010e-04 9.890923270760272e-09 1.548213274636616e-03
-1.600000e+00 4.401796898996719e+01 1.563820459190324e+02 4.937449148838092e-06 -3.209213751073262e-04 9.835310879829244e-09 1.534698232748521e-03
-1.601000e+00 4.401753496223455e+01 1.546374715301529e+02 4.825114032049269e-06 -3.179936987277053e-04 9.779852935987310e-09 1.521267491036226e-03
-1.602000e+00 4.401710738199363e+01 1.529204149789997e+02 4.715237211396852e-06 -3.150831867800663e-04 9.724554740514850e-09 1.507921522724738e-03
-1.603000e+00 4.401668612633275e+01 1.512303707166342e+02 4.607762278877353e-06 -3.121898148518819e-04 9.669421717258828e-09 1.494660811720548e-03
-1.604000e+00 4.401627107514517e+01 1.495668505829116e+02 4.502634256693776e-06 -3.093135578706224e-04 9.614458996412031e-09 1.481485787013212e-03
-1.605000e+00 4.401586211105975e+01 1.479293747871653e+02 4.399799558353742e-06 -3.064543901289898e-04 9.559671160944908e-09 1.468396784118676e-03
-1.606000e+00 4.401545911937411e+01 1.463174775762008e+02 4.299205949037254e-06 -3.036122853089886e-04 9.505064024094789e-09 1.455394322536190e-03
-1.607000e+00 4.401506198798718e+01 1.447307059043187e+02 4.200802508863522e-06 -3.007872165039575e-04 9.450641947374418e-09 1.442478687234840e-03
-1.608000e+00 4.401467060733400e+01 1.431686175946347e+02 4.104539595898848e-06 -2.979791562394177e-04 9.396409751256424e-09 1.429650227331942e-03
-1.609000e+00 4.401428487032693e+01 1.416307823050089e+02 4.010368811458124e-06 -2.951880764923705e-04 9.342371880426944e-09 1.416909226502017e-03
-1.610000e+00 4.401390467228923e+01 1.401167810874705e+02 3.918242965101294e-06 -2.924139487095165e-04 9.288532762604198e-09 1.404255958844126e-03
-1.611000e+00 4.401352991089767e+01 1.386262059623206e+02 3.828116041422204e-06 -2.896567438240781e-04 9.234896782925271e-09 1.391690685151317e-03
-1.612000e+00 4.401316048612290e+01 1.371586607390126e+02 3.740032251546423e-06 -2.869164271674384e-04 9.181139986466642e-09 1.379215590969003e-03
-1.613000e+00 4.401279630017326e+01 1.357137568077927e+02 3.653768864928685e-06 -2.841929790299908e-04 9.127921478355098e-09 1.366826832095866e-03
-1.614000e+00 4.401243725744016e+01 1.342911167755288e+02 3.569285605990519e-06 -2.814863685053879e-04 9.075248129355047e-09 1.354524819203899e-03
-1.615000e+00 4.401208326443947e+01 1.328903782998655e+02 3.486803290613587e-06 -2.787965500756257e-04 9.022134137513031e-09 1.342315217178860e-03
-1.616000e+00 4.401173422976425e+01 1.315111803588937e+02 3.405932976774399e-06 -2.761235114748820e-04 8.969904998303178e-09 1.330191005627050e-03
-1.617000e+00 4.401139006402932e+01 1.301531746692639e+02 3.326895102981871e-06 -2.734672066733867e-04 8.917571214683931e-09 1.318157489734961e-03
-1.618000e+00 4.401105067982245e+01 1.288160276980163e+02 3.249564337989904e-06 -2.708276081222990e-04 8.865467530206573e-09 1.306213053431536e-03
-1.619000e+00 4.401071599165451e+01 1.274994088096540e+02 3.173902975259367e-06 -2.682046831330090e-04 8.813386234318769e-09 1.294326221926426e-03
-1.620000e+00 4.401038591591454e+01 1.262029972211426e+02 3.099956954641537e-06 -2.655983944453227e-04 8.761413359432807e-09 1.282561040314030e-03
-1.621000e+00 4.401006037081881e+01 1.249264829855527e+02 3.027442180233081e-06 -2.630087210698495e-04 8.710351928424761e-09 1.270882311485692e-03
-1.622000e+00 4.400973927636863e+01 1.236695607149845e+02 2.956571810639838e-06 -2.604356166276733e-04 8.659198170007560e-09 1.259294236302794e-03
-1.623000e+00 4.400942255430742e+01 1.224319386855286e+02 2.887228921313071e-06 -2.578790510254203e-04 8.608291029959812e-09 1.247795451746475e-03
-1.624000e+00 4.400911012807322e+01 1.212133279260855e+02 2.819380138567886e-06 -2.553389896281199e-04 8.557633258913191e-09 1.236385904180122e-03
-1.625000e+00 4.400880192276117e+01 1.200134510000712e+02 2.752992886694694e-06 -2.528153974319529e-04 8.506920834684948e-09 1.225020548449366e-03
-1.626000e+00 4.400849786508041e+01 1.188320367666996e+02 2.688035365953799e-06 -2.503082390701731e-04 8.456768681188159e-09 1.213789239040738e-03
-1.627000e+00 4.400819788331539e+01 1.176688218699745e+02 2.624476532313302e-06 -2.478174788182961e-04 8.406875130559516e-09 1.202647128572170e-03
-1.628000e+00 4.400790190728778e+01 1.165235497854588e+02 2.562286076736592e-06 -2.453430805990910e-04 8.357242983068175e-09 1.191594155079092e-03
-1.629000e+00 4.400760986831675e+01 1.153959722466730e+02 2.501434405746807e-06 -2.428850079871675e-04 8.307877355142657e-09 1.180630588405731e-03
-1.630000e+00 4.400732169918459e+01 1.142858474229212e+02 2.441967670687143e-06 -2.404432209471273e-04 8.258430550769009e-09 1.169756305394337e-03
-1.631000e+00 4.400703733409966e+01 1.131929398822794e+02 2.383632508974735e-06 -2.380176921677088e-04 8.209943921734909e-09 1.158969520617897e-03
-1.632000e+00 4.400675670866301e+01 1.121170223652041e+02 2.326626505950567e-06 -2.356083744050555e-04 8.161386328177297e-09 1.148272537298961e-03
-1.633000e+00 4.400647975983220e+01 1.110578730332582e+02 2.270920508272614e-06 -2.332152301042410e-04 8.112758495080931e-09 1.137665193695978e-03
-1.634000e+00 4.400620642589128e+01 1.100152710494878e+02 2.216269795581899e-06 -2.308382302831373e-04 8.064631871581942e-09 1.127078040682926e-03
-1.635000e+00 4.400593664641635e+01 1.089890258936412e+02 2.162867117812525e-06 -2.284773273795487e-04 8.017380917976101e-09 1.116714414652947e-03
-1.636000e+00 4.400567036224577e+01 1.079789175968773e+02 2.110614577969376e-06 -2.261324856756689e-04 7.969945070193998e-09 1.106372474105906e-03
-1.637000e+00 4.400540751544928e+01 1.069847566677887e+02 2.059487667224988e-06 -2.238036660896435e-04 7.922797145737272e-09 1.096119133389784e-03
-1.638000e+00 4.400514804929819e+01 1.060063514975118e+02 2.009462439658293e-06 -2.214908292201241e-04 7.875941407198979e-09 1.085954498838655e-03
-1.639000e+00 4.400489190823682e+01 1.050435199828058e+02 1.960583935277658e-06 -2.191939327017099e-04 7.829029802506610e-09 1.075879030121167e-03
-1.640000e+00 4.400463903785494e+01 1.040960835973926e+02 1.912623978115456e-06 -2.169129444400170e-04 7.783117675853111e-09 1.065890923011397e-03
-1.641000e+00 4.400438938485900e+01 1.031638709971420e+02 1.865765538074394e-06 -2.146478161473980e-04 7.737156821283859e-09 1.055991975742414e-03
-1.642000e+00 4.400414289704726e+01 1.022467135865490e+02 1.819918341888776e-06 -2.123985098108400e-04 7.691502700066082e-09 1.046181757563665e-03
-1.643000e+00 4.400389952328255e+01 1.013444538538268e+02 1.775126650813123e-06 -2.101649820437612e-04 7.646126086917298e-09 1.036505170904311e-03
-1.644000e+00 4.400365921346792e+01 1.004569337260623e+02 1.731172795651001e-06 -2.079471988172522e-04 7.601447385136549e-09 1.026871415031222e-03
-1.645000e+00 4.400342191852127e+01 9.958400621604106e+01 1.688233194452167e-06 -2.057451112953931e-04 7.556734852074026e-09 1.017327119196036e-03
-1.646000e+00 4.400318759035222e+01 9.872552676443209e+01 1.646222310584685e-06 -2.035586800025520e-04 7.512345328542908e-09 1.007871730965732e-03
-1.647000e+00 4.400295618183805e+01 9.788135820703698e+01 1.605120656225850e-06 -2.013878627416841e-04 7.468515462667382e-09 9.985370910285112e-04
-1.648000e+00 4.400272764680243e+01 9.705136471906572e+01 1.564909177746016e-06 -1.992326170120346e-04 7.424786265729593e-09 9.892597855108215e-04
-1.649000e+00 4.400250193999060e+01 9.623542222726381e+01 1.525630723027323e-06 -1.970928978957902e-04 7.381037532834664e-09 9.800722073825246e-04
-1.650000e+00 4.400227901705060e+01 9.543340787620394e+01 1.487143447554516e-06 -1.949686665627933e-04 7.337989231599650e-09 9.709738092952541e-04
-1.651000e+00 4.400205883451088e+01 9.464520545880100e+01 1.449431554581389e-06 -1.928598794697936e-04 7.295649267543476e-09 9.619648934441003e-04
-1.652000e+00 4.400184134976033e+01 9.387070530693437e+01 1.412658033396862e-06 -1.907664868404469e-04 7.252948354032138e-09 9.530468996044857e-04
-1.653000e+00 4.400162652102822e+01 9.310979884830058e+01 1.376566620615149e-06 -1.886884526799568e-04 7.211328307235852e-09 9.442186266357656e-04
-1.654000e+00 4.400141430736466e+01 9.236238965504111e+01 1.341377229468201e-06 -1.866257248499239e-04 7.169358326625393e-09 9.354819120136643e-04
-1.655000e+00 4.400120466862161e+01 9.162838248207535e+01 1.306897117336374e-06 -1.845782645648844e-04 7.128125252991474e-09 9.268361021372592e-04
-1.656000e+00 4.400099756543541e+01 9.090768872248621e+01 1.273169152416453e-06 -1.825460249924925e-04 7.087277054933294e-09 9.182820022788775e-04
-1.657000e+00 4.400079295920784e+01 9.020022676003356e+01 1.240121514372881e-06 -1.805289627209972e-04 7.047183272087306e-09 9.098196644832496e-04
-1.658000e+00 4.400059081208852e+01 8.950591681314637e+01 1.207852021064560e-06 -1.785270286723458e-04 7.007130726455582e-09 9.014505534143078e-04
-1.659000e+00 4.400039108695900e+01 8.882468902473276e+01 1.176288878791370e-06 -1.765401788849980e-04 6.967489285245570e-09 8.931748100540508e-04
-1.660000e+00 4.400019374741509e+01 8.815647718706080e+01 1.145417478028052e-06 -1.745683672881046e-04 6.928268897990024e-09 8.849931181602723e-04
-1.661000e+00 4.399999875775121e+01 8.750122232749442e+01 1.115223523646893e-06 -1.726115475187423e-04 6.889479926693202e-09 8.769062000120768e-04
-1.662000e+00 4.399980608294449e+01 8.685887072803618e+01 1.085746107051507e-06 -1.706696713228617e-04 6.850768485270956e-09 8.689151832382411e-04
-1.663000e+00 4.399961568863942e+01 8.622937500678492e+01 1.056812297843443e-06 -1.687426965558606e-04 6.813241155298981e-09 8.610199450302278e-04
-1.664000e+00 4.399942754113291e+01 8.561269384768674e+01 1.028567939343728e-06 -1.668305711837810e-04 6.775815518622428e-09 8.532224147060122e-04
-1.665000e+00 4.399924160735955e+01 8.500879292543361e+01 1.000946838720827e-06 -1.649332492838591e-04 6.738869741396990e-09 8.455232834579142e-04
-1.666000e+00 4.399905785487776e+01 8.441764379090222e+01 9.739361616445441e-07 -1.630506830455278e-04 6.702417842616476e-09 8.379236548679412e-04
-1.667000e+00 4.399887625185538e+01 8.383922503674248e+01 9.475233456514634e-07 -1.611828243711501e-04 6.666410073795725e-09 8.304164433556341e-04
-1.668000e+00 4.399869676705639e+01 8.327352219404966e+01 9.216960934233169e-07 -1.593296248771842e-04 6.630989520720620e-09 8.230192659096134e-04
-1.669000e+00 4.399851936982800e+01 8.272052743663004e+01 8.964423666772655e-07 -1.574910358947936e-04 6.596179492989735e-09 8.157342586003565e-04
-1.670000e+00 4.399834403008732e+01 8.218024023099822e+01 8.717986701523008e-07 -1.556670071145121e-04 6.561491993995204e-09 8.085458634552259e-04
-1.671000e+00 4.399817071830913e+01 8.165266711611065e+01 8.476085954922233e-07 -1.538574933699228e-04 6.528123395835164e-09 8.014635106542269e-04
-1.672000e+00 4.399799940551365e+01 8.113782248468401e+01 8.240057158433319e-07 -1.520624410728713e-04 6.494983654334270e-09 7.944896830246267e-04
-1.673000e+00 4.399783006325443e+01 8.063572764378176e+01 8.009772482415625e-07 -1.502818005037210e-04 6.462092608843696e-09 7.876262518280119e-04
-1.674000e+00 4.399766266360674e+01 8.014641199333603e+01 7.784186599574474e-07 -1.485155241616207e-04 6.430216811292130e-09 7.808748001581371e-04
-1.675000e+00 4.399749717915655e+01 7.966991198977603e+01 7.563210395537466e-07 -1.467635616116332e-04 6.399381851284341e-09 7.742374156613175e-04
-1.676000e+00 4.399733358298890e+01 7.920627207175009e+01 7.347654427757544e-07 -1.450258597400326e-04 6.368870085923035e-09 7.677171239066857e-04
-1.677000e+00 4.399717184867773e+01 7.875554406280814e+01 7.136956945113776e-07 -1.433023688848055e-04 6.339070330585227e-09 7.613147631832963e-04
-1.678000e+00 4.399701195027485e+01 7.831778718102834e+01 6.931018328144577e-07 -1.415930378571507e-04 6.310045617462934e-09 7.550371468335200e-04
-1.679000e+00 4.399685386229998e+01 7.789306774312584e+01 6.729741010402199e-07 -1.398978151939409e-04 6.281794919073100e-09 7.488831066509251e-04
-1.680000e+00 4.399669755973063e+01 7.748145791080047e+01 6.533029428094312e-07 -1.382166491590465e-04 6.254363434776950e-09 7.428571449363718e-04
-1.681000e+00 4.399654301799185e+01 7.708303513428761e+01 6.341211733212887e-07 -1.365494866556846e-04 6.227408664932583e-09 7.369625680920161e-04
-1.682000e+00 4.399639021294784e+01 7.669788221868954e+01 6.152930962897952e-07 -1.348962786726337e-04 6.202106193808150e-09 7.312031206007224e-04
-1.683000e+00 4.399623912089147e+01 7.632608392003930e+01 5.969362571572138e-07 -1.332569693958159e-04 6.177360515188672e-09 7.255824751391034e-04
-1.684000e+00 4.399608971853585e+01 7.596772676062891e+01 5.790402837203110e-07 -1.316315060725129e-04 6.153215179284103e-09 7.201048864204677e-04
-1.685000e+00 4.399594198300492e+01 7.562289344313561e+01 5.615148354647708e-07 -1.300198376958053e-04 6.130474879281638e-09 7.147744593808402e-04
-1.686000e+00 4.399579589182542e+01 7.529166178451570e+01 5.443925897385040e-07 -1.284219098732193e-04 6.108809139604827e-09 7.095957713811543e-04
-1.687000e+00 4.399565142291809e+01 7.497409808117246e+01 5.276262032321802e-07 -1.268376699655785e-04 6.088650471501123e-09 7.045734633108115e-04
-1.688000e+00 4.399550855458961e+01 7.467025152408264e+01 5.112862100142939e-07 -1.252670621467100e-04 6.069291160829950e-09 6.997127508615856e-04
-1.689000e+00 4.399536726552400e+01 7.438014295299539e+01 4.953631601149758e-07 -1.237100323427363e-04 6.050787298045951e-09 6.950190009359091e-04
-1.690000e+00 4.399522753477531e+01 7.410375834397918e+01 4.797726385276144e-07 -1.221665280487969e-04 6.033955575006243e-09 6.904966305123978e-04
-1.691000e+00 4.399508934175989e+01 7.384103343341222e+01 4.645084989198095e-07 -1.206364945679992e-04 6.018856610677892e-09 6.861509367970608e-04
-1.692000e+00 4.399495266624867e+01 7.359183108455454e+01 4.496379257305340e-07 -1.191198751902378e-04 6.004780279953464e-09 6.819870729861775e-04
-1.693000e+00 4.399481748835996e+01 7.335592779912221e+01 4.351160194887498e-07 -1.176166156791170e-04 5.992161633463283e-09 6.780092543238091e-04
-1.694000e+00 4.399468378855239e+01 7.313297933989199e+01 4.209712484985766e-07 -1.161266597849628e-04 5.980662661396574e-09 6.742212972867766e-04
-1.695000e+00 4.399455154761760e+01 7.292249434916073e+01 4.071248158603997e-07 -1.146499535680034e-04 5.971090625564938e-09 6.706253997814889e-04
-1.696000e+00 4.399442074667371e+01 7.272379365691572e+01 3.935712429295936e-07 -1.131864410825182e-04 5.963471855851382e-09 6.672224756340464e-04
-1.697000e+00 4.399429136715862e+01 7.253597178748724e+01 3.803736497927287e-07 -1.117360645376600e-04 5.957039598286922e-09 6.640114876718126e-04
-1.698000e+00 4.399416339082356e+01 7.235785403437158e+01 3.674902403143673e-07 -1.102987683789893e-04 5.952159218213975e-09 6.609879933351802e-04
-1.699000e+00 4.399403679972603e+01 7.218795861484367e+01 3.549145239646637e-07 -1.088744959794002e-04 5.948777446796813e-09 6.581439638155871e-04
-1.700000e+00 4.399391157622507e+01 7.202446977923989e+01 3.426401389983712e-07 -1.074631904728406e-04 5.946800940348616e-09 6.554668829459755e-04
-1.701000e+00 4.399378770297356e+01 7.186523235849313e+01 3.306608494404746e-07 -1.060647947566167e-04 5.946089192125707e-09 6.529390210849907e-04
-1.702000e+00 4.399366516291343e+01 7.170777774691875e+01 3.189705427839242e-07 -1.046792514934958e-04 5.946449876128306e-09 6.505370020185793e-04
-1.703000e+00 4.399354393926917e+01 7.154939617821242e+01 3.075632271282940e-07 -1.033065031140695e-04 5.947641654844760e-09 6.482322249243190e-04
-1.704000e+00 4.399342401554262e+01 7.138725277854097e+01 2.964330288615918e-07 -1.019464918189465e-04 5.949375301475916e-09 6.459910888031419e-04
-1.705000e+00 4.399330537550725e+01 7.121854595883725e+01 2.855741900050698e-07 -1.005991595810324e-04 5.951328221404684e-09 6.437767180925616e-04
-1.706000e+00 4.399318800320265e+01 7.104068538251919e+01 2.749810658765169e-07 -9.926444814813968e-05 5.953163946381171e-09 6.415512089199214e-04
-1.707000e+00 4.399307188292945e+01 7.085148284378299e+01 2.646481228204673e-07 -9.794229904512993e-05 5.954561063582830e-09 6.392788792720409e-04
-1.708000e+00 4.399295699924387e+01 7.064926928267656e+01 2.545699357763483e-07 -9.663265357659624e-05 5.955192479451464e-09 6.369239339166729e-04
-1.709000e+00 4.399284333695299e+01 7.043299714365121e+01 2.447411861232604e-07 -9.533545282915093e-05 5.954809824263102e-09 6.344598128603173e-04
-1.710000e+00 4.399273088110981e+01 7.020222467023989e+01 2.351566594176596e-07 -9.405063767418218e-05 5.953211175984709e-09 6.318654731411816e-04
-1.711000e+00 4.399261961700779e+01 6.995709340827031e+01 2.258394471527905e-07 -9.277814815228418e-05 5.949862316807734e-09 6.291273168755184e-04
-1.712000e+00 4.399250953017699e+01 6.969818559712350e+01 2.166999255122407e-07 -9.151792656601673e-05 5.945868410380727e-09 6.262375148377450e-04
-1.713000e+00 4.399240060637887e+01 6.942645057980901e+01 2.078177915701211e-07 -9.026991130238056e-05 5.940014438097016e-09 6.231952162820166e-04
-1.714000e+00 4.399229283160206e+01 6.914306725267001e+01 1.991870376391253e-07 -8.903404243065770e-05 5.932312726787094e-09 6.200037122797640e-04
-1.715000e+00 4.399218619205772e+01 6.884934512437763e+01 1.907218955889297e-07 -8.781026154044777e-05 5.924004677725098e-09 6.166694875090540e-04
-1.716000e+00 4.399208067417560e+01 6.854664042756374e+01 1.825250185821922e-07 -8.659850594746010e-05 5.913568848065785e-09 6.132024343418370e-04
-1.717000e+00 4.399197626459910e+01 6.823629088221693e+01 1.744861247593280e-07 -8.539871736816849e-05 5.902686063035935e-09 6.096127554774489e-04
-1.718000e+00 4.399187295018201e+01 6.791959935437990e+01 1.666794857473744e-07 -8.421083335523300e-05 5.890254248811791e-09 6.059125356384385e-04
-1.719000e+00 4.399177071798391e+01 6.759775188532679e+01 1.590996049572095e-07 -8.303479299318901e-05 5.876369884055192e-09 6.021136167909353e-04
-1.720000e+00 4.399166955526634e+01 6.727186371260311e+01 1.516916074397311e-07 -8.187053622744119e-05 5.861932374349050e-09 5.982273373224596e-04
-1.721000e+00 4.399156944948876e+01 6.694294278001010e+01 1.444524005478068e-07 -8.071800171165643e-05 5.847041345589329e-09 5.942651348812167e-04
-1.722000e+00 4.399147038830520e+01 6.661188505109408e+01 1.374510028440290e-07 -7.957712640031085e-05 5.830578734246701e-09 5.902378232388681e-04
-1.723000e+00 4.399137235956012e+01 6.627949728159295e+01 1.305865809091682e-07 -7.844785065900426e-05 5.814245165816241e-09 5.861551264269239e-04
-1.724000e+00 4.399127535128518e+01 6.594648600539283e+01 1.239272287166945e-07 -7.733011111580856e-05 5.796910942391299e-09 5.820265624367993e-04
-1.725000e+00 4.399117935169532e+01 6.561347186622707e+01 1.174450466366940e-07 -7.622384625125542e-05 5.779054778270660e-09 5.778605461495428e-04
-1.726000e+00 4.399108434918528e+01 6.528099614118283e+01 1.111362280783389e-07 -7.512899387049915e-05 5.760745791487241e-09 5.736648368846170e-04
-1.727000e+00 4.399099033232657e+01 6.494952293799747e+01 1.049970402212417e-07 -7.404549161269933e-05 5.742047013307351e-09 5.694464538491226e-04
-1.728000e+00 4.399089728986409e+01 6.461945930775344e+01 9.904575441090727e-08 -7.297327649977321e-05 5.722609928190094e-09 5.652120014137067e-04
-1.729000e+00 4.399080521071225e+01 6.429113803720068e+01 9.321298611440827e-08 -7.191228721212035e-05 5.703708558662272e-09 5.609668136618577e-04
-1.730000e+00 4.399071408395274e+01 6.396484417868336e+01 8.756101064798094e-08 -7.086245954715455e-05 5.684166993788219e-09 5.567162539074976e-04
-1.731000e+00 4.399062389883061e+01 6.364081018684438e+01 8.206444482733892e-08 -6.982373096733927e-05 5.664436490551738e-09 5.524649129258456e-04
-1.732000e+00 4.399053464475170e+01 6.331923091461442e+01 7.671990401693340e-08 -6.879603833121861e-05 5.644554208220348e-09 5.482167452854548e-04
-1.733000e+00 4.399044631127941e+01 6.300024983895894e+01 7.152406930543686e-08 -6.777931835142431e-05 5.624553839357091e-09 5.439752965221786e-04
-1.734000e+00 4.399035888813182e+01 6.268397230670957e+01 6.647368615006403e-08 -6.677350759786959e-05 5.604463657778002e-09 5.397435134342420e-04
-1.735000e+00 4.399027236517881e+01 6.237048078667824e+01 6.158522987582942e-08 -6.577854210047102e-05 5.583897749042033e-09 5.355242133322809e-04
-1.736000e+00 4.399018673243938e+01 6.205981300408906e+01 5.679657064582001e-08 -6.479435935754762e-05 5.564114231507475e-09 5.313192387102346e-04
-1.737000e+00 4.399010198007890e+01 6.175198566951981e+01 5.218269213664433e-08 -6.382089394233812e-05 5.543479855687542e-09 5.271307433250208e-04
-1.738000e+00 4.399001809840608e+01 6.144698857385335e+01 4.768251221301453e-08 -6.285808307139678e-05 5.523249090705271e-09 5.229599388694185e-04
-1.739000e+00 4.398993507787082e+01 6.114478854876953e+01 4.329398633649282e-08 -6.190586263408149e-05 5.503435604987205e-09 5.188079391685795e-04
-1.740000e+00 4.398985290906113e+01 6.084532970332675e+01 3.905141905943176e-08 -6.096416766563333e-05 5.483217484904996e-09 5.146756564833764e-04
-1.741000e+00 4.398977158270120e+01 6.054854251642707e+01 3.495108796034353e-08 -6.003293385692044e-05 5.462598900756033e-09 5.105636562029202e-04
-1.742000e+00 4.398969108964819e+01 6.025433421708399e+01 3.095419345650204e-08 -5.911209749210550e-05 5.442415516032873e-09 5.064719981254110e-04
-1.743000e+00 4.398961142089056e+01 5.996261442012628e+01 2.705887234310762e-08 -5.820159399907816e-05 5.422670230620466e-09 5.024006949006136e-04
-1.744000e+00 4.398953256754506e+01 5.967326064887416e+01 2.331432503213954e-08 -5.730135767527632e-05 5.402107383261489e-09 4.983498168364957e-04
-1.745000e+00 4.398945452085469e+01 5.938615460264316e+01 1.964932156580054e-08 -5.641132513721758e-05 5.382381180311269e-09 4.943170541487584e-04
-1.746000e+00 4.398937727218672e+01 5.910117024203444e+01 1.612877885290268e-08 -5.553143016967653e-05 5.361841806100111e-09 4.903053074165290e-04
-1.747000e+00 4.398930081302949e+01 5.881817604269939e+01 1.268379285499651e-08 -5.466160914699000e-05 5.342146836485367e-09 4.863120464590275e-04
-1.748000e+00 4.398922513499155e+01 5.853704154946728e+01 9.361264088892501e-09 -5.380179603317716e-05 5.322027248049900e-09 4.823367038201364e-04
-1.749000e+00 4.398915022979826e+01 5.825763175046660e+01 6.142311290299730e-09 -5.295192602337857e-05 5.301895127451058e-09 4.783783803700696e-04
-1.750000e+00 4.398907608929060e+01 5.797982033465388e+01 3.039949849373133e-09 -5.211193359278897e-05 5.281317771608423e-09 4.744362355445773e-04
-1.751000e+00 4.398900270542267e+01 5.770348647858033e+01 5.675105277875857e-12 -5.128175436477940e-05 5.261555434508848e-09 4.705091208414723e-04
-1.752000e+00 4.398893007025937e+01 5.742850185213057e+01 -2.916622057625620e-09 -5.046132204577797e-05 5.241327914497178e-09 4.665962895145743e-04
-1.753000e+00 4.398885817597542e+01 5.715476934640799e+01 -5.729946393379306e-09 -4.965057120738139e-05 5.220623981222484e-09 4.626969052887484e-04
-1.754000e+00 4.398878701485231e+01 5.688217748191839e+01 -8.465994315713056e-09 -4.884943692455278e-05 5.200284074321264e-09 4.588099206873271e-04
-1.755000e+00 4.398871657927699e+01 5.661063778072747e+01 -1.111203976530224e-08 -4.805785332569121e-05 5.179874556662057e-09 4.549346165231638e-04
-1.756000e+00 4.398864686174006e+01 5.634006599575169e+01 -1.367019246843636e-08 -4.727575477580566e-05 5.159387156978974e-09 4.510702671608659e-04
-1.757000e+00 4.398857785483339e+01 5.607039364734757e+01 -1.615617020407935e-08 -4.650307585526126e-05 5.139242898017944e-09 4.472161594298666e-04
-1.758000e+00 4.398850955124915e+01 5.580156174038044e+01 -1.854446450454809e-08 -4.573975027598524e-05 5.118578890529004e-09 4.433718864129244e-04
-1.759000e+00 4.398844194377715e+01 5.553351355493350e+01 -2.083777180430211e-08 -4.498571226340933e-05 5.097387290441210e-09 4.395370005512404e-04
-1.760000e+00 4.398837502530395e+01 5.526621938185779e+01 -2.306463004939552e-08 -4.424089651257788e-05 5.076522661627632e-09 4.357109994020290e-04
-1.761000e+00 4.398830878881044e+01 5.499964408538930e+01 -2.521353524177767e-08 -4.350523688641042e-05 5.055551997229554e-09 4.318936897365572e-04
-1.762000e+00 4.398824322737082e+01 5.473376607932723e+01 -2.729885648353845e-08 -4.277866772655086e-05 5.034905374806129e-09 4.280848787261000e-04
-1.763000e+00 4.398817833415053e+01 5.446856961817134e+01 -2.929721082378757e-08 -4.206112259700884e-05 5.013717165638827e-09 4.242846265512755e-04
-1.764000e+00 4.398811410240459e+01 5.420405401088296e+01 -3.122311796416317e-08 -4.135253578683107e-05 4.992417930636332e-09 4.204928570524528e-04
-1.765000e+00 4.398805052547674e+01 5.394021223947573e+01 -3.306649724823494e-08 -4.065284107631493e-05 4.970573383749122e-09 4.167097508501402e-04
-1.766000e+00 4.398798759679676e+01 5.367705621020602e+01 -3.486460205503781e-08 -3.996197316562541e-05 4.949488178566241e-09 4.129352555523763e-04
-1.767000e+00 4.398792530988021e+01 5.341459338657032e+01 -3.656744731143587e-08 -3.927986501459559e-05 4.927243090740739e-09 4.091698824273562e-04
-1.768000e+00 4.398786365832597e+01 5.315281939060119e+01 -3.823698322354541e-08 -3.860645179052793e-05 4.906125293761252e-09 4.054135344248087e-04
-1.769000e+00 4.398780263581522e+01 5.289176619191435e+01 -3.982638438452039e-08 -3.794166650234502e-05 4.884287772524789e-09 4.016668812685739e-04
-1.770000e+00 4.398774223611012e+01 5.263144302520023e+01 -4.135339264908372e-08 -3.728544343708765e-05 4.862348235327100e-09 3.979299752879030e-04
-1.771000e+00 4.398768245305205e+01 5.237185991891747e+01 -4.281956774012159e-08 -3.663771656540329e-05 4.840311052129789e-09 3.942032668675251e-04
-1.772000e+00 4.398762328056057e+01 5.211303775669361e+01 -4.422643787507263e-08 -3.599841986560726e-05 4.818179384360755e-09 3.904870952344741e-04
-1.773000e+00 4.398756471263206e+01 5.185498709645888e+01 -4.556528091933446e-08 -3.536748712516813e-05 4.795515805150012e-09 3.867818861839800e-04
-1.774000e+00 4.398750674333805e+01 5.159772429309953e+01 -4.685819285722830e-08 -3.474485275984846e-05 4.773204901437507e-09 3.830878753185991e-04
-1.775000e+00 4.398744936682434e+01 5.134125503312163e+01 -4.809619811386174e-08 -3.413045059034624e-05 4.750810027700820e-09 3.794054770542866e-04
-1.776000e+00 4.398739257730958e+01 5.108559911612508e+01 -4.928070435381690e-08 -3.352421466887963e-05 4.728334701669593e-09 3.757350403021450e-04
-1.777000e+00 4.398733636908368e+01 5.083075339442856e+01 -5.042256363308773e-08 -3.292607926546474e-05 4.706226246510966e-09 3.720768203156745e-04
-1.778000e+00 4.398728073650757e+01 5.057673263823412e+01 -5.150400022369990e-08 -3.233597811514120e-05 4.683585604604070e-09 3.684300027265658e-04
-1.779000e+00 4.398722567401082e+01 5.032353756199840e+01 -5.253599272264344e-08 -3.175384556322504e-05 4.660889346324598e-09 3.647973717818040e-04
-1.780000e+00 4.398717117609088e+01 5.007116940652872e+01 -5.350719224553291e-08 -3.117961555354495e-05 4.637493430297975e-09 3.611779846390868e-04
-1.781000e+00 4.398711723731260e+01 4.981963689572762e+01 -5.445680100177277e-08 -3.061322308521287e-05 4.615296534181815e-09 3.575719585685380e-04
-1.782000e+00 4.398706385230612e+01 4.956892832340085e+01 -5.534812819262193e-08 -3.005460169604084e-05 4.592405344768373e-09 3.539796808932882e-04
-1.783000e+00 4.398701101576624e+01 4.931905346377543e+01 -5.619503500541800e-08 -2.950368598794446e-05 4.569454537257096e-09 3.504013517721061e-04
-1.784000e+00 4.398695872245118e+01 4.907000546504668e+01 -5.699871289175427e-08 -2.896041037079446e-05 4.546446229832026e-09 3.468371671274186e-04
-1.785000e+00 4.398690696718179e+01 4.882177914981352e+01 -5.775222410345685e-08 -2.842470915665308e-05 4.522933108499823e-09 3.432874791957072e-04
-1.786000e+00 4.398685574484003e+01 4.857435466072892e+01 -5.848102376014647e-08 -2.789651737618399e-05 4.500267374751113e-09 3.397521445628222e-04
-1.787000e+00 4.398680505036836e+01 4.832776117526369e+01 -5.916191707372356e-08 -2.737576915883158e-05 4.477099567415565e-09 3.362315600512428e-04
-1.788000e+00 4.398675487876845e+01 4.808196338828771e+01 -5.980410298009770e-08 -2.686239936148351e-05 4.453883602104097e-09 3.327259420163252e-04
-1.789000e+00 4.398670522510032e+01 4.783696379155410e+01 -6.040865299473148e-08 -2.635634276090864e-05 4.430619942584702e-09 3.292353366904888e-04
-1.790000e+00 4.398665608448145e+01 4.759276276016747e+01 -6.097661596216812e-08 -2.585753422044486e-05 4.407311216798032e-09 3.257599627101947e-04
-1.791000e+00 4.398660745208549e+01 4.734933627981135e+01 -6.150183854289468e-08 -2.536590854943423e-05 4.383502645272501e-09 3.222999552550085e-04
-1.792000e+00 4.398655932314163e+01 4.710669241850867e+01 -6.200686499700616e-08 -2.488140123302377e-05 4.360565291859917e-09 3.188554639888086e-04
-1.793000e+00 4.398651169293343e+01 4.686481586423083e+01 -6.246424873806108e-08 -2.440394684607017e-05 4.336674338431114e-09 3.154266887969391e-04
-1.794000e+00 4.398646455679832e+01 4.662371300360137e+01 -6.290280224494078e-08 -2.393348120682589e-05 4.313659849675030e-09 3.120135763242663e-04
-1.795000e+00 4.398641791012617e+01 4.638336704044962e+01 -6.329618692683928e-08 -2.346993912466588e-05 4.289692796376538e-09 3.086165260165306e-04
-1.796000e+00 4.398637174835867e+01 4.614377506569592e+01 -6.367204237285061e-08 -2.301325661868305e-05 4.266610798300986e-09 3.052355360752321e-04
-1.797000e+00 4.398632606698862e+01 4.590492019100464e+01 -6.400510383313708e-08 -2.256336874974632e-05 4.242575580745699e-09 3.018708119392351e-04
-1.798000e+00 4.398628086155890e+01 4.566682482160223e+01 -6.432187471846407e-08 -2.212021175609051e-05 4.219417819262201e-09 2.985212810964117e-04
-1.799000e+00 4.398623612766144e+01 4.542945631484039e+01 -6.459813075135814e-08 -2.168372096700302e-05 4.195321743980718e-09 2.951894189420546e-04
-1.800000e+00 4.398619186093705e+01 4.519282372932397e+01 -6.485927510138739e-08 -2.125383285816352e-05 4.172125010404384e-09 2.918741463243521e-04
-1.801000e+00 4.398614805707385e+01 4.495691747906257e+01 -6.508791030617358e-08 -2.083048316404057e-05 4.148441425038877e-09 2.885757274015371e-04
-1.802000e+00 4.398610471180677e+01 4.472173616405766e+01 -6.529091708366685e-08 -2.041360825662000e-05 4.124734526971662e-09 2.852941636649331e-04
-1.803000e+00 4.398606182091722e+01 4.448727535908658e+01 -6.546908426241572e-08 -2.000314452737048e-05 4.101007036170061e-09 2.820296420687749e-04
-1.804000e+00 4.398601938023167e+01 4.425352696564140e+01 -6.562318305353048e-08 -1.959902851602233e-05 4.077261324131171e-09 2.787823196138477e-04
-1.805000e+00 4.398597738562115e+01 4.402049133165667e+01 -6.575396751492034e-08 -1.920119691498927e-05 4.053499342485623e-09 2.755523185983209e-04
-1.806000e+00 4.398593583300050e+01 4.378816122210947e+01 -6.586217475865367e-08 -1.880958657365422e-05 4.029724196541276e-09 2.723398443761769e-04
-1.807000e+00 4.398589471832803e+01 4.355654592856742e+01 -6.594342246264638e-08 -1.842413439630356e-05 4.005466386644100e-09 2.691449323558233e-04
-1.808000e+00 4.398585403760413e+01 4.332561277132581e+01 -6.601372355308291e-08 -1.804477787882940e-05 3.982138172843464e-09 2.659676382137027e-04
-1.809000e+00 4.398581378687087e+01 4.309539528446906e+01 -6.605845766069760e-08 -1.767145404812014e-05 3.958333317635578e-09 2.628082877666956e-04
-1.810000e+00 4.398577396221184e+01 4.286585740362500e+01 -6.607862925470795e-08 -1.730410043104962e-05 3.934049781524899e-09 2.596668942016346e-04
-1.811000e+00 4.398573455975034e+01 4.263702084842148e+01 -6.608454451260862e-08 -1.694265492944573e-05 3.910233456754438e-09 2.565434676957032e-04
-1.812000e+00 4.398569557564986e+01 4.240886901801218e+01 -6.607652500123581e-08 -1.658705541947086e-05 3.886892504486729e-09 2.534383635443075e-04
-1.813000e+00 4.398565700611296e+01 4.218139690384528e+01 -6.604597648133500e-08 -1.623723977554044e-05 3.863065361920591e-09 2.503506268409676e-04
-1.814000e+00 4.398561884738020e+01 4.195460779669564e+01 -6.599817590601730e-08 -1.589314635648494e-05 3.839254858581497e-09 2.472822939962849e-04
-1.815000e+00 4.398558109573022e+01 4.172849483420641e+01 -6.592946678944540e-08 -1.555471352763759e-05 3.814973534075266e-09 2.442326076512406e-04
-1.816000e+00 4.398554374747906e+01 4.150305603241013e+01 -6.585319859917839e-08 -1.522188021699394e-05 3.791653346465762e-09 2.412014435873503e-04
-1.817000e+00 4.398550679897882e+01 4.127829241000934e+01 -6.575717710593366e-08 -1.489458501207101e-05 3.767865337006861e-09 2.381890401925581e-04
-1.818000e+00 4.398547024661800e+01 4.105419950613873e+01 -6.564621457056493e-08 -1.457276707149693e-05 3.744091875382518e-09 2.351956754826246e-04
-1.819000e+00 4.398543408682047e+01 4.083076118420903e+01 -6.552085504861699e-08 -1.425636567541105e-05 3.720331118198888e-09 2.322211636575590e-04
-1.820000e+00 4.398539831604465e+01 4.060799152829542e+01 -6.538162959700379e-08 -1.394532032030776e-05 3.696589833562387e-09 2.292659208643969e-04
-1.821000e+00 4.398536293078360e+01 4.038588049281614e+01 -6.522536311018953e-08 -1.363957064298132e-05 3.672382296825124e-09 2.263297177190027e-04
-1.822000e+00 4.398532792756377e+01 4.016442437609309e+01 -6.506364181951980e-08 -1.333905682581484e-05 3.649164065089402e-09 2.234128842676159e-04
-1.823000e+00 4.398529330294495e+01 3.994362260681439e+01 -6.488587896854010e-08 -1.304371879833753e-05 3.625487599820506e-09 2.205155184146727e-04
-1.824000e+00 4.398525905351940e+01 3.972347606228733e+01 -6.469624958320385e-08 -1.275349704375485e-05 3.601836624466833e-09 2.176375817551547e-04
-1.825000e+00 4.398522517591193e+01 3.950397075458394e+01 -6.449048298611846e-08 -1.246833209729619e-05 3.577514040469304e-09 2.147784508698086e-04
-1.826000e+00 4.398519166677841e+01 3.928510722025629e+01 -6.428325897108462e-08 -1.218816515269393e-05 3.554612829995169e-09 2.119398406932339e-04
-1.827000e+00 4.398515852280618e+01 3.906689999089954e+01 -6.406080290666035e-08 -1.191293702168815e-05 3.531053321413336e-09 2.091207957957985e-04
-1.828000e+00 4.398512574071287e+01 3.884933134332173e+01 -6.382829114442619e-08 -1.164258918236449e-05 3.507533382722470e-09 2.063218433658615e-04
-1.829000e+00 4.398509331724652e+01 3.863239081186320e+01 -6.358614856319809e-08 -1.137706326091264e-05 3.484048632953239e-09 2.035426107211292e-04
-1.830000e+00 4.398506124918462e+01 3.841609055823114e+01 -6.333478940324534e-08 -1.111630113993566e-05 3.460606107661805e-09 2.007834875012060e-04
